version 1
nodes
  0 "joint1"  -1
end
skeleton
time 0
  0 0.000000 0.908848 0.029442 0.010607 0.000000 3.115979
end
triangles
palmleaf1.tga
  0 -23.3119 25.9313 1.9155 0.0000 -0.4472 -0.8944 0.1250 0.0078
  0 19.6299 -4.0273 11.6086 0.0000 -0.8321 -0.5547 0.7578 0.5078
  0 -14.7424 1.0097 -2.1362 0.0000 -0.7071 -0.7071 0.1094 0.1094
palmleaf1.tga
  0 19.6299 -4.0273 11.6086 0.0000 -0.8321 -0.5547 0.7578 0.5078
  0 7.8929 -17.2353 -0.0375 0.0000 -1.0000 0.0000 0.3828 0.3984
  0 -14.7424 1.0097 -2.1362 0.0000 -0.7071 -0.7071 0.1094 0.1094
palmleaf1.tga
  0 7.8929 -17.2353 -0.0375 0.0000 -1.0000 0.0000 0.3828 0.3984
  0 -14.7424 1.0097 -2.1362 0.0000 -0.7071 -0.7071 0.1094 0.1094
  0 21.3044 -2.1846 -6.8684 0.0000 0.0000 0.0000 0.4453 0.7500
palmleaf1.tga
  0 46.4413 -21.6789 2.2831 0.0000 0.0000 0.0000 0.8750 1.0000
  0 7.8929 -17.2353 -0.0375 0.0000 -1.0000 0.0000 0.3828 0.3984
  0 21.3044 -2.1846 -6.8684 0.0000 0.0000 0.0000 0.4453 0.7500
palmleaf1.tga
  0 45.3952 -21.9419 9.4740 0.0000 -1.0000 0.0000 0.9922 0.8984
  0 7.8929 -17.2353 -0.0375 0.0000 -1.0000 0.0000 0.3828 0.3984
  0 19.6299 -4.0273 11.6086 0.0000 -0.8321 -0.5547 0.7578 0.5078
palmleaf1.tga
  0 45.3952 -21.9419 9.4740 0.0000 -1.0000 0.0000 0.9922 0.8984
  0 41.0998 -23.7777 4.5640 0.0000 0.0000 0.0000 0.8438 0.8750
  0 7.8929 -17.2353 -0.0375 0.0000 -1.0000 0.0000 0.3828 0.3984
palmleaf1.tga
  0 7.8929 -17.2353 -0.0375 0.0000 -1.0000 0.0000 0.3828 0.3984
  0 46.4413 -21.6789 2.2831 0.0000 0.0000 0.0000 0.8750 1.0000
  0 41.0998 -23.7777 4.5640 0.0000 0.0000 0.0000 0.8438 0.8750
palmleaf1.tga
  0 19.6299 -4.0273 11.6086 0.0000 -0.8321 -0.5547 0.7578 0.5078
  0 -23.3119 25.9313 1.9155 0.0000 -0.4472 -0.8944 0.1250 0.0078
  0 -14.7424 1.0097 -2.1362 0.0000 -0.7071 -0.7071 0.1094 0.1094
palmleaf1.tga
  0 7.8929 -17.2353 -0.0375 0.0000 -1.0000 0.0000 0.3828 0.3984
  0 19.6299 -4.0273 11.6086 0.0000 -0.8321 -0.5547 0.7578 0.5078
  0 -14.7424 1.0097 -2.1362 0.0000 -0.7071 -0.7071 0.1094 0.1094
palmleaf1.tga
  0 -14.7424 1.0097 -2.1362 0.0000 -0.7071 -0.7071 0.1094 0.1094
  0 7.8929 -17.2353 -0.0375 0.0000 -1.0000 0.0000 0.3828 0.3984
  0 21.3044 -2.1846 -6.8684 0.0000 0.0000 0.0000 0.4453 0.7500
palmleaf1.tga
  0 7.8929 -17.2353 -0.0375 0.0000 -1.0000 0.0000 0.3828 0.3984
  0 46.4413 -21.6789 2.2831 0.0000 0.0000 0.0000 0.8750 1.0000
  0 21.3044 -2.1846 -6.8684 0.0000 0.0000 0.0000 0.4453 0.7500
palmleaf1.tga
  0 7.8929 -17.2353 -0.0375 0.0000 -1.0000 0.0000 0.3828 0.3984
  0 45.3952 -21.9419 9.4740 0.0000 -1.0000 0.0000 0.9922 0.8984
  0 19.6299 -4.0273 11.6086 0.0000 -0.8321 -0.5547 0.7578 0.5078
palmleaf1.tga
  0 41.0998 -23.7777 4.5640 0.0000 0.0000 0.0000 0.8438 0.8750
  0 45.3952 -21.9419 9.4740 0.0000 -1.0000 0.0000 0.9922 0.8984
  0 7.8929 -17.2353 -0.0375 0.0000 -1.0000 0.0000 0.3828 0.3984
palmleaf1.tga
  0 46.4413 -21.6789 2.2831 0.0000 0.0000 0.0000 0.8750 1.0000
  0 7.8929 -17.2353 -0.0375 0.0000 -1.0000 0.0000 0.3828 0.3984
  0 41.0998 -23.7777 4.5640 0.0000 0.0000 0.0000 0.8438 0.8750
palmleaf1.tga
  0 -25.5383 19.2048 -2.8953 0.0000 0.0000 0.0000 0.0000 0.0078
  0 -23.3119 25.9313 1.9155 0.0000 -0.4472 -0.8944 0.1250 0.0078
  0 -14.7424 1.0097 -2.1362 0.0000 -0.7071 -0.7071 0.1094 0.1094
palmleaf1.tga
  0 -23.3119 25.9313 1.9155 0.0000 -0.4472 -0.8944 0.1250 0.0078
  0 -25.5383 19.2048 -2.8953 0.0000 0.0000 0.0000 0.0000 0.0078
  0 -14.7424 1.0097 -2.1362 0.0000 -0.7071 -0.7071 0.1094 0.1094
end

