version 1
nodes
  0 "joint1"  -1
end
skeleton
time 0
  0 0.000000 0.908848 0.029442 0.010607 0.000000 3.115979
end
triangles
palmleaf1.tga
  0 -8.6606 -21.3973 -4.5055 0.9701 -0.2425 0.0000 0.9453 0.7188
  0 -0.4606 16.3708 9.0700 0.9701 -0.2425 0.0000 0.6484 0.6563
  0 -14.5225 24.6070 -4.4233 0.0000 -1.0000 0.0000 0.8984 0.2109
palmleaf1.tga
  0 9.0536 -21.3919 -4.3567 0.0000 0.0000 0.0000 0.6797 1.0000
  0 -0.4606 16.3708 9.0700 0.9701 -0.2425 0.0000 0.6484 0.6563
  0 14.8636 13.4108 -3.9007 0.0000 0.0000 0.0000 0.2266 0.9375
palmleaf1.tga
  0 9.0536 -21.3919 -4.3567 0.0000 0.0000 0.0000 0.6797 1.0000
  0 -0.4735 -18.2522 -4.3969 1.0000 0.0000 0.0000 0.8359 0.8359
  0 -0.4606 16.3708 9.0700 0.9701 -0.2425 0.0000 0.6484 0.6563
palmleaf1.tga
  0 -0.4606 16.3708 9.0700 0.9701 -0.2425 0.0000 0.6484 0.6563
  0 -8.6606 -21.3973 -4.5055 0.9701 -0.2425 0.0000 0.9453 0.7188
  0 -0.4735 -18.2522 -4.3969 1.0000 0.0000 0.0000 0.8359 0.8359
palmleaf1.tga
  0 -0.4606 16.3708 9.0700 0.9701 -0.2425 0.0000 0.6484 0.6563
  0 -8.6606 -21.3973 -4.5055 0.9701 -0.2425 0.0000 0.9453 0.7188
  0 -14.5225 24.6070 -4.4233 0.0000 -1.0000 0.0000 0.8984 0.2109
palmleaf1.tga
  0 -0.4606 16.3708 9.0700 0.9701 -0.2425 0.0000 0.6484 0.6563
  0 9.0536 -21.3919 -4.3567 0.0000 0.0000 0.0000 0.6797 1.0000
  0 14.8636 13.4108 -3.9007 0.0000 0.0000 0.0000 0.2266 0.9375
palmleaf1.tga
  0 -0.4735 -18.2522 -4.3969 1.0000 0.0000 0.0000 0.8359 0.8359
  0 9.0536 -21.3919 -4.3567 0.0000 0.0000 0.0000 0.6797 1.0000
  0 -0.4606 16.3708 9.0700 0.9701 -0.2425 0.0000 0.6484 0.6563
palmleaf1.tga
  0 -8.6606 -21.3973 -4.5055 0.9701 -0.2425 0.0000 0.9453 0.7188
  0 -0.4606 16.3708 9.0700 0.9701 -0.2425 0.0000 0.6484 0.6563
  0 -0.4735 -18.2522 -4.3969 1.0000 0.0000 0.0000 0.8359 0.8359
end

