version 1
nodes
  0 "joint1"  -1
end
skeleton
time 0
  0 0.000000 0.908848 0.029442 0.010607 0.000000 3.115979
end
triangles
palmleaf1.tga
  0 10.7906 -43.8303 5.5431 -0.9363 -0.3511 0.0000 0.2965 0.5970
  0 -0.4848 37.3787 1.7538 -0.9363 -0.3511 0.0000 0.5786 0.2889
  0 19.6401 33.8891 0.0897 -1.0000 0.0000 0.0000 0.2063 0.2252
palmleaf1.tga
  0 10.7906 -43.8303 5.5431 -0.9363 -0.3511 0.0000 0.2965 0.5970
  0 -13.9685 -32.8008 -0.8649 0.0000 -1.0000 0.0000 0.7607 0.6463
  0 -0.4848 37.3787 1.7538 -0.9363 -0.3511 0.0000 0.5786 0.2889
palmleaf1.tga
  0 -0.4848 37.3787 1.7538 -0.9363 -0.3511 0.0000 0.5786 0.2889
  0 -21.1551 16.1035 1.5313 0.0000 0.0000 0.0000 0.9378 0.4623
  0 -13.9685 -32.8008 -0.8649 0.0000 -1.0000 0.0000 0.7607 0.6463
palmleaf1.tga
  0 -0.4848 37.3787 1.7538 -0.9363 -0.3511 0.0000 0.5786 0.2889
  0 10.7906 -43.8303 5.5431 -0.9363 -0.3511 0.0000 0.2965 0.5970
  0 19.6401 33.8891 0.0897 -1.0000 0.0000 0.0000 0.2063 0.2252
palmleaf1.tga
  0 -13.9685 -32.8008 -0.8649 0.0000 -1.0000 0.0000 0.7607 0.6463
  0 10.7906 -43.8303 5.5431 -0.9363 -0.3511 0.0000 0.2965 0.5970
  0 -0.4848 37.3787 1.7538 -0.9363 -0.3511 0.0000 0.5786 0.2889
palmleaf1.tga
  0 -21.1551 16.1035 1.5313 0.0000 0.0000 0.0000 0.9378 0.4623
  0 -0.4848 37.3787 1.7538 -0.9363 -0.3511 0.0000 0.5786 0.2889
  0 -13.9685 -32.8008 -0.8649 0.0000 -1.0000 0.0000 0.7607 0.6463
end

