version 1
nodes
  0 "joint1"  -1
end
skeleton
time 0
  0 0.000000 0.908848 0.029442 0.010607 0.000000 3.115979
end
triangles
palmleaf1.tga
  0 9.1964 -21.3919 0.5004 -0.2425 -0.9701 0.0000 0.6797 1.0000
  0 -0.3177 16.3708 0.9271 -0.2425 -0.9701 0.0000 0.6484 0.6563
  0 19.5064 12.9108 0.9564 -0.2425 -0.9701 0.0000 0.2266 0.9375
palmleaf1.tga
  0 9.1964 -21.3919 0.5004 -0.2425 -0.9701 0.0000 0.6797 1.0000
  0 -3.8306 -29.2522 0.4602 0.0000 0.0000 0.0000 0.8359 0.8359
  0 -0.3177 16.3708 0.9271 -0.2425 -0.9701 0.0000 0.6484 0.6563
palmleaf1.tga
  0 -0.3177 16.3708 0.9271 -0.2425 -0.9701 0.0000 0.6484 0.6563
  0 -12.5177 -2.8973 0.3516 0.0000 0.0000 0.0000 0.9453 0.7188
  0 -3.8306 -29.2522 0.4602 0.0000 0.0000 0.0000 0.8359 0.8359
palmleaf1.tga
  0 -0.3177 16.3708 0.9271 -0.2425 -0.9701 0.0000 0.6484 0.6563
  0 9.1964 -21.3919 0.5004 -0.2425 -0.9701 0.0000 0.6797 1.0000
  0 19.5064 12.9108 0.9564 -0.2425 -0.9701 0.0000 0.2266 0.9375
palmleaf1.tga
  0 -3.8306 -29.2522 0.4602 0.0000 0.0000 0.0000 0.8359 0.8359
  0 9.1964 -21.3919 0.5004 -0.2425 -0.9701 0.0000 0.6797 1.0000
  0 -0.3177 16.3708 0.9271 -0.2425 -0.9701 0.0000 0.6484 0.6563
palmleaf1.tga
  0 -12.5177 -2.8973 0.3516 0.0000 0.0000 0.0000 0.9453 0.7188
  0 -0.3177 16.3708 0.9271 -0.2425 -0.9701 0.0000 0.6484 0.6563
  0 -3.8306 -29.2522 0.4602 0.0000 0.0000 0.0000 0.8359 0.8359
end

