version 1
nodes
  0 "Bip02" -1
  1 "Bip02 Pelvis" 0
  2 "Bip02 L Leg" 1
  3 "Bip02 L Leg1" 2
  4 "Bip02 L Foot" 3
  5 "Bip02 R Leg" 1
  6 "Bip02 R Leg1" 5
  7 "Bip02 R Foot" 6
  8 "Bip02 Spine" 1
  9 "Bip02 Spine1" 8
 10 "Bip02 Spine2" 9
 11 "Bip02 Neck" 10
 12 "Bip02 L Arm" 11
 13 "Bip02 L Arm1" 12
 14 "Bip02 L Arm2" 13
 15 "Bip02 L Hand" 14
 16 "Bip02 R Arm" 11
 17 "Bip02 R Arm1" 16
 18 "Bip02 R Arm2" 17
 19 "Bip02 R Hand" 18
 20 "Bone08" 1
 21 "Bone09" 20
 22 "Bone10" 21
 23 "Bone11" 22
 24 "Bone24" 1
 25 "Bone25" 24
 26 "Bone26" 25
 27 "Bone27" 26
 28 "Bone30" 1
 29 "Bone31" 28
 30 "Bone32" 29
 31 "Bone35" 1
 32 "Bone36" 31
 33 "Bone37" 32
 34 "Bone19" 1
 35 "Bone20" 34
 36 "Bone21" 35
 37 "Bone14" 1
 38 "Bone15" 37
 39 "Bone16" 38
 40 "Bone04" 1
 41 "Bone05" 40
 42 "Bip02 Head" 11
 43 "Bone01" 42
end
skeleton
time 0
  0 0.000000 0.000000 34.453125 0.000000 -0.026005 -1.570796
  1 0.203125 0.000000 0.000000 -1.570622 -1.570622 0.000000
  2 0.000000 0.000000 3.062500 0.002967 3.138102 -0.069290
  3 15.640625 0.000000 0.000000 0.000000 0.000000 -0.156556
  4 15.359375 0.000000 0.000000 -0.003316 0.002618 0.069813
  5 0.000000 0.000000 -3.062500 -0.004887 -3.125012 -0.008552
  6 15.640625 0.000000 0.000000 0.000000 0.000000 -0.257087
  7 15.359375 0.000000 0.000000 0.005934 -0.015708 0.194430
  8 3.218750 0.000000 0.000000 0.000000 0.000000 -0.025133
  9 4.921875 0.000000 0.000000 0.000000 0.000000 -0.034558
 10 5.265625 0.000000 0.000000 0.000000 0.000000 -0.017104
 11 6.375000 0.000000 0.000000 0.000000 -0.026005 0.098960
 12 0.046875 0.000000 1.843750 -0.571246 -1.364673 -2.682571
 13 4.390625 0.000000 0.000000 0.721868 1.113869 0.508589
 14 10.140625 0.000000 0.000000 0.000000 0.000000 -0.722566
 15 10.140625 0.000000 0.000000 -1.573938 0.019199 0.236318
 16 -0.046875 0.000000 -1.843750 -0.529009 1.350012 2.519557
 17 4.390625 0.000000 0.000000 -0.711920 -1.165182 0.643503
 18 10.140625 0.000000 0.000000 0.000000 0.000000 -0.671952
 19 10.140625 0.000000 0.000000 1.767670 -0.169471 0.443314
 20 2.515625 -2.562500 -3.421875 -1.243547 1.530479 -2.840000
 21 1.218750 -5.875000 0.812500 0.000000 0.002094 -0.026005
 22 0.000000 0.000000 0.000000 0.000000 0.000000 0.000000
 23 0.640625 -3.812500 0.109375 0.000698 0.006109 0.156382
 24 2.484375 2.984375 -5.078125 -1.554739 1.318422 3.121871
 25 0.000000 0.000000 0.000000 0.000000 0.000000 0.193382
 26 1.875000 -5.281250 -0.500000 0.000000 -0.004189 -0.075224
 27 1.375000 -4.671875 0.000000 0.000524 0.009774 0.066672
 28 1.109375 4.250000 -2.843750 -0.449073 -1.510408 -1.195202
 29 -0.671875 -4.078125 0.453125 -0.024784 0.007156 -0.001222
 30 -0.156250 -4.718750 0.328125 0.035779 0.068068 -0.020071
 31 1.046875 4.265625 3.437500 -1.274265 -1.428203 -0.482060
 32 -0.078125 -4.078125 -0.203125 0.272271 0.132121 -0.019024
 33 -0.437500 -4.671875 0.890625 -0.110828 0.071559 -0.006109
 34 2.406250 2.656250 5.937500 1.710074 1.570622 0.000000
 35 -0.359375 -4.968750 -0.921875 0.024958 0.026878 0.033510
 36 -0.609375 -4.562500 0.015625 -0.142070 0.105767 -0.029496
 37 2.515625 -2.531250 4.343750 1.570622 1.570622 0.000000
 38 -0.515625 -5.765625 0.859375 0.095644 0.000000 0.000000
 39 -0.296875 -3.875000 0.203125 -0.234223 -0.016581 -0.005760
 40 3.250000 -2.984375 0.093750 -0.042062 0.004014 -1.605528
 41 1.546875 -10.421875 -0.421875 0.034383 0.008552 0.001222
 42 2.234375 0.000000 0.000000 0.005411 0.017104 0.142070
 43 1.556500 0.902900 0.197600 0.000000 0.000000 -1.745155
end
triangles
Torso-Bk.bmp
 20 -5.080061 -3.104710 37.079704 -0.891962 -0.433404 0.128706 0.281250 0.456140
  1 -3.450440 2.380327 36.902500 -0.820603 0.571154 0.019857 0.343750 0.464912
 25 -5.663128 -3.878029 32.012642 -0.940435 0.289971 0.177477 0.250000 0.315789
Torso-Bk.bmp
 25 -5.663128 -3.878029 32.012642 -0.940435 0.289971 0.177477 0.250000 0.315789
  1 -3.450440 2.380327 36.902500 -0.820603 0.571154 0.019857 0.343750 0.464912
 20 -4.258049 2.982114 31.004042 -0.144410 0.965983 0.214530 0.302083 0.298246
Torso-Bk.bmp
  1 -3.450440 2.380327 36.902500 -0.820603 0.571154 0.019857 0.343750 0.464912
  1 0.119477 2.870682 37.660088 -0.005382 0.997936 -0.063991 0.479167 0.482456
 20 -4.258049 2.982114 31.004042 -0.144410 0.965983 0.214530 0.302083 0.298246
Torso-Bk.bmp
 20 -4.258049 2.982114 31.004042 -0.144410 0.965983 0.214530 0.302083 0.298246
  1 0.119477 2.870682 37.660088 -0.005382 0.997936 -0.063991 0.479167 0.482456
 40 0.365516 3.781461 27.127977 -0.475600 0.647692 0.595230 0.468750 0.184211
Torso-Bk.bmp
  1 0.119477 2.870682 37.660088 -0.005382 0.997936 -0.063991 0.479167 0.482456
 37 4.852156 3.085127 31.128056 0.645175 0.750248 0.144487 0.645833 0.298246
 40 0.365516 3.781461 27.127977 -0.475600 0.647692 0.595230 0.468750 0.184211
Torso-Bk.bmp
 40 0.365516 3.781461 27.127977 -0.475600 0.647692 0.595230 0.468750 0.184211
 37 4.852156 3.085127 31.128056 0.645175 0.750248 0.144487 0.645833 0.298246
 38 5.137135 2.825932 27.267258 -0.000234 0.923680 -0.383164 0.656250 0.184211
Torso-Bk.bmp
 37 4.852156 3.085127 31.128056 0.645175 0.750248 0.144487 0.645833 0.298246
 40 0.365516 3.781461 27.127977 -0.475600 0.647692 0.595230 0.468750 0.184211
 38 5.137135 2.825932 27.267258 -0.000234 0.923680 -0.383164 0.656250 0.184211
Torso-Bk.bmp
 38 5.137135 2.825932 27.267258 -0.000234 0.923680 -0.383164 0.656250 0.184211
 40 0.365516 3.781461 27.127977 -0.475600 0.647692 0.595230 0.468750 0.184211
 39 6.022175 3.200312 21.633722 -0.008851 -0.085798 0.996273 0.687500 0.026316
Torso-Bk.bmp
 40 0.365516 3.781461 27.127977 -0.475600 0.647692 0.595230 0.468750 0.184211
 23 -0.338190 3.424098 20.965359 0.092154 0.077787 0.992702 0.468750 0.026316
 39 6.022175 3.200312 21.633722 -0.008851 -0.085798 0.996273 0.687500 0.026316
Torso-Bk.bmp
 39 6.022175 3.200312 21.633722 -0.008851 -0.085798 0.996273 0.687500 0.026316
 23 -0.338190 3.424098 20.965359 0.092154 0.077787 0.992702 0.468750 0.026316
 40 0.365516 3.781461 27.127977 -0.475600 0.647692 0.595230 0.468750 0.184211
Torso-Bk.bmp
 23 -0.338190 3.424098 20.965359 0.092154 0.077787 0.992702 0.468750 0.026316
 41 -5.135967 3.487815 21.732586 -0.999889 -0.013227 -0.006907 0.270833 0.026316
 40 0.365516 3.781461 27.127977 -0.475600 0.647692 0.595230 0.468750 0.184211
Torso-Bk.bmp
 40 0.365516 3.781461 27.127977 -0.475600 0.647692 0.595230 0.468750 0.184211
 41 -5.135967 3.487815 21.732586 -0.999889 -0.013227 -0.006907 0.270833 0.026316
 22 -4.719132 2.880555 27.125393 0.845882 0.245505 0.473508 0.281250 0.184211
Torso-Bk.bmp
 41 -5.135967 3.487815 21.732586 -0.999889 -0.013227 -0.006907 0.270833 0.026316
 40 0.365516 3.781461 27.127977 -0.475600 0.647692 0.595230 0.468750 0.184211
 22 -4.719132 2.880555 27.125393 0.845882 0.245505 0.473508 0.281250 0.184211
Torso-Bk.bmp
 22 -4.719132 2.880555 27.125393 0.845882 0.245505 0.473508 0.281250 0.184211
 40 0.365516 3.781461 27.127977 -0.475600 0.647692 0.595230 0.468750 0.184211
 20 -4.258049 2.982114 31.004042 -0.144410 0.965983 0.214530 0.302083 0.298246
Torso-Bk.bmp
 40 0.365516 3.781461 27.127977 -0.475600 0.647692 0.595230 0.468750 0.184211
  1 0.119477 2.870682 37.660088 -0.005382 0.997936 -0.063991 0.479167 0.482456
 20 -4.258049 2.982114 31.004042 -0.144410 0.965983 0.214530 0.302083 0.298246
Torso-Bk.bmp
 37 4.852156 3.085127 31.128056 0.645175 0.750248 0.144487 0.645833 0.298246
 35 6.703881 -5.325074 27.657173 0.977057 0.072704 0.200182 0.718750 0.175439
 38 5.137135 2.825932 27.267258 -0.000234 0.923680 -0.383164 0.656250 0.184211
Torso-Bk.bmp
 38 5.137135 2.825932 27.267258 -0.000234 0.923680 -0.383164 0.656250 0.184211
 35 6.703881 -5.325074 27.657173 0.977057 0.072704 0.200182 0.718750 0.175439
 37 4.852156 3.085127 31.128056 0.645175 0.750248 0.144487 0.645833 0.298246
Torso-Bk.bmp
 35 6.703881 -5.325074 27.657173 0.977057 0.072704 0.200182 0.718750 0.175439
 34 6.197406 -4.485020 32.205849 0.287186 -0.948222 0.135644 0.697917 0.315789
 37 4.852156 3.085127 31.128056 0.645175 0.750248 0.144487 0.645833 0.298246
Torso-Bk.bmp
 37 4.852156 3.085127 31.128056 0.645175 0.750248 0.144487 0.645833 0.298246
 34 6.197406 -4.485020 32.205849 0.287186 -0.948222 0.135644 0.697917 0.315789
 37 5.834194 -2.797779 36.930710 0.892305 -0.424219 0.154372 0.687500 0.456140
Torso-Bk.bmp
 34 6.197406 -4.485020 32.205849 0.287186 -0.948222 0.135644 0.697917 0.315789
 37 4.852156 3.085127 31.128056 0.645175 0.750248 0.144487 0.645833 0.298246
 37 5.834194 -2.797779 36.930710 0.892305 -0.424219 0.154372 0.687500 0.456140
Torso-Bk.bmp
 37 5.834194 -2.797779 36.930710 0.892305 -0.424219 0.154372 0.687500 0.456140
 37 4.852156 3.085127 31.128056 0.645175 0.750248 0.144487 0.645833 0.298246
  1 4.339552 2.422450 36.931423 0.768698 0.639111 -0.025313 0.635417 0.464912
Torso-Bk.bmp
 37 4.852156 3.085127 31.128056 0.645175 0.750248 0.144487 0.645833 0.298246
  1 0.119477 2.870682 37.660088 -0.005382 0.997936 -0.063991 0.479167 0.482456
  1 4.339552 2.422450 36.931423 0.768698 0.639111 -0.025313 0.635417 0.464912
Torso-Bk.bmp
  1 4.339552 2.422450 36.931423 0.768698 0.639111 -0.025313 0.635417 0.464912
  1 0.119477 2.870682 37.660088 -0.005382 0.997936 -0.063991 0.479167 0.482456
 10 5.799171 4.893237 48.218212 -0.254581 0.938642 -0.232681 0.687500 0.798246
Torso-Bk.bmp
  1 0.119477 2.870682 37.660088 -0.005382 0.997936 -0.063991 0.479167 0.482456
 10 0.279231 4.556111 48.272964 0.005618 0.999557 -0.029214 0.479167 0.798246
 10 5.799171 4.893237 48.218212 -0.254581 0.938642 -0.232681 0.687500 0.798246
Torso-Bk.bmp
 10 5.799171 4.893237 48.218212 -0.254581 0.938642 -0.232681 0.687500 0.798246
 10 0.279231 4.556111 48.272964 0.005618 0.999557 -0.029214 0.479167 0.798246
 12 5.874646 5.756971 53.422947 0.171652 0.865974 0.469707 0.708333 0.947368
Torso-Bk.bmp
 10 0.279231 4.556111 48.272964 0.005618 0.999557 -0.029214 0.479167 0.798246
 10 0.229403 3.752296 55.402824 0.005920 0.463995 0.885818 0.479167 1.000000
 12 5.874646 5.756971 53.422947 0.171652 0.865974 0.469707 0.708333 0.947368
Torso-Bk.bmp
 12 5.874646 5.756971 53.422947 0.171652 0.865974 0.469707 0.708333 0.947368
 10 0.229403 3.752296 55.402824 0.005920 0.463995 0.885818 0.479167 1.000000
 12 6.577922 4.111013 53.262875 0.521998 -0.032027 0.852345 0.729167 0.938596
Torso-Bk.bmp
 10 0.229403 3.752296 55.402824 0.005920 0.463995 0.885818 0.479167 1.000000
 10 2.209895 0.925504 54.990273 0.331773 -0.460013 0.823599 0.552083 0.982456
 12 6.577922 4.111013 53.262875 0.521998 -0.032027 0.852345 0.729167 0.938596
Torso-Bk.bmp
 18 -6.381616 2.733935 39.398262 0.752177 0.469969 -0.461907 0.218750 0.535088
 18 -9.947967 3.732677 39.295074 -0.564065 0.670934 -0.481329 0.104167 0.561404
 17 -6.456511 5.438752 41.706596 0.562075 0.771414 -0.298316 0.239583 0.578947
Torso-Bk.bmp
 17 -6.456511 5.438752 41.706596 0.562075 0.771414 -0.298316 0.239583 0.578947
 18 -9.947967 3.732677 39.295074 -0.564065 0.670934 -0.481329 0.104167 0.561404
 17 -9.344782 5.837302 43.318939 -0.464113 0.881342 0.088515 0.135417 0.631579
Torso-Bk.bmp
 18 -9.947967 3.732677 39.295074 -0.564065 0.670934 -0.481329 0.104167 0.561404
 17 -10.438315 3.251323 44.470196 -0.971649 -0.104002 0.212323 0.083333 0.675439
 17 -9.344782 5.837302 43.318939 -0.464113 0.881342 0.088515 0.135417 0.631579
Torso-Bk.bmp
 17 -9.344782 5.837302 43.318939 -0.464113 0.881342 0.088515 0.135417 0.631579
 17 -10.438315 3.251323 44.470196 -0.971649 -0.104002 0.212323 0.083333 0.675439
 16 -7.519056 5.028338 51.313675 -0.457621 0.886051 0.074142 0.208333 0.885965
Torso-Bk.bmp
 17 -10.438315 3.251323 44.470196 -0.971649 -0.104002 0.212323 0.083333 0.675439
 17 -8.327745 2.962984 52.530289 -0.911728 -0.106923 0.396635 0.177083 0.903509
 16 -7.519056 5.028338 51.313675 -0.457621 0.886051 0.074142 0.208333 0.885965
Torso-Bk.bmp
 16 -7.519056 5.028338 51.313675 -0.457621 0.886051 0.074142 0.208333 0.885965
 17 -8.327745 2.962984 52.530289 -0.911728 -0.106923 0.396635 0.177083 0.903509
 16 -6.768171 4.729908 53.631199 -0.350993 0.815878 0.459508 0.229167 0.947368
Torso-Bk.bmp
 17 -8.327745 2.962984 52.530289 -0.911728 -0.106923 0.396635 0.177083 0.903509
 16 -7.149316 3.083652 53.596981 -0.495112 -0.126133 0.859625 0.218750 0.947368
 16 -6.768171 4.729908 53.631199 -0.350993 0.815878 0.459508 0.229167 0.947368
Torso-Bk.bmp
 16 -6.768171 4.729908 53.631199 -0.350993 0.815878 0.459508 0.229167 0.947368
 16 -7.149316 3.083652 53.596981 -0.495112 -0.126133 0.859625 0.218750 0.947368
 10 0.229403 3.752296 55.402824 0.005920 0.463995 0.885818 0.479167 1.000000
Torso-Bk.bmp
 16 -7.149316 3.083652 53.596981 -0.495112 -0.126133 0.859625 0.218750 0.947368
 10 -1.760108 0.940608 54.948452 -0.330619 -0.465096 0.821205 0.406250 0.982456
 10 0.229403 3.752296 55.402824 0.005920 0.463995 0.885818 0.479167 1.000000
Torso-Bk.bmp
 10 5.799171 4.893237 48.218212 -0.254581 0.938642 -0.232681 0.687500 0.798246
 12 6.665011 6.106432 51.038078 0.253251 0.966338 0.045325 0.739583 0.885965
 13 6.162822 6.358019 41.429810 -0.542002 0.824829 -0.160905 0.708333 0.578947
Torso-Bk.bmp
 13 6.162822 6.358019 41.429810 -0.542002 0.824829 -0.160905 0.708333 0.578947
 12 6.665011 6.106432 51.038078 0.253251 0.966338 0.045325 0.739583 0.885965
 13 9.247749 6.973693 42.977348 0.432665 0.897380 0.086655 0.822917 0.622807
Torso-Bk.bmp
 12 6.665011 6.106432 51.038078 0.253251 0.966338 0.045325 0.739583 0.885965
 13 10.323582 4.497347 44.125080 0.974511 0.069345 0.213351 0.864583 0.666667
 13 9.247749 6.973693 42.977348 0.432665 0.897380 0.086655 0.822917 0.622807
Torso-Bk.bmp
 13 9.247749 6.973693 42.977348 0.432665 0.897380 0.086655 0.822917 0.622807
 13 10.323582 4.497347 44.125080 0.974511 0.069345 0.213351 0.864583 0.666667
 14 9.734859 4.696681 38.916832 0.375213 0.752139 -0.541758 0.843750 0.552632
Torso-Bk.bmp
 13 10.323582 4.497347 44.125080 0.974511 0.069345 0.213351 0.864583 0.666667
 14 10.721695 3.664635 41.625767 0.994850 0.032504 0.096009 0.885417 0.622807
 14 9.734859 4.696681 38.916832 0.375213 0.752139 -0.541758 0.843750 0.552632
Torso-Bk.bmp
 14 9.734859 4.696681 38.916832 0.375213 0.752139 -0.541758 0.843750 0.552632
 14 10.721695 3.664635 41.625767 0.994850 0.032504 0.096009 0.885417 0.622807
 14 10.295603 -0.400404 32.692841 0.700976 0.584480 -0.408677 0.916667 0.342105
Torso-Bk.bmp
 14 10.721695 3.664635 41.625767 0.994850 0.032504 0.096009 0.885417 0.622807
 14 11.261957 -1.552925 34.544125 0.998019 0.049104 0.039336 0.958333 0.377193
 14 10.295603 -0.400404 32.692841 0.700976 0.584480 -0.408677 0.916667 0.342105
Torso-Bk.bmp
 27 -7.676402 -4.899612 21.399452 -0.000084 -0.996072 0.088543 0.208333 0.026316
 22 -4.719132 2.880555 27.125393 0.845882 0.245505 0.473508 0.281250 0.184211
 41 -5.135967 3.487815 21.732586 -0.999889 -0.013227 -0.006907 0.270833 0.026316
Torso-Bk.bmp
 41 -5.135967 3.487815 21.732586 -0.999889 -0.013227 -0.006907 0.270833 0.026316
 22 -4.719132 2.880555 27.125393 0.845882 0.245505 0.473508 0.281250 0.184211
 27 -7.676402 -4.899612 21.399452 -0.000084 -0.996072 0.088543 0.208333 0.026316
Torso-Bk.bmp
 22 -4.719132 2.880555 27.125393 0.845882 0.245505 0.473508 0.281250 0.184211
 26 -6.517725 -4.227783 27.191565 0.973634 -0.225510 0.034389 0.229167 0.184211
 27 -7.676402 -4.899612 21.399452 -0.000084 -0.996072 0.088543 0.208333 0.026316
Torso-Bk.bmp
 27 -7.676402 -4.899612 21.399452 -0.000084 -0.996072 0.088543 0.208333 0.026316
 26 -6.517725 -4.227783 27.191565 0.973634 -0.225510 0.034389 0.229167 0.184211
 22 -4.719132 2.880555 27.125393 0.845882 0.245505 0.473508 0.281250 0.184211
Torso-Bk.bmp
 26 -6.517725 -4.227783 27.191565 0.973634 -0.225510 0.034389 0.229167 0.184211
 20 -4.258049 2.982114 31.004042 -0.144410 0.965983 0.214530 0.302083 0.298246
 22 -4.719132 2.880555 27.125393 0.845882 0.245505 0.473508 0.281250 0.184211
Torso-Bk.bmp
 22 -4.719132 2.880555 27.125393 0.845882 0.245505 0.473508 0.281250 0.184211
 20 -4.258049 2.982114 31.004042 -0.144410 0.965983 0.214530 0.302083 0.298246
 26 -6.517725 -4.227783 27.191565 0.973634 -0.225510 0.034389 0.229167 0.184211
Torso-Bk.bmp
 20 -4.258049 2.982114 31.004042 -0.144410 0.965983 0.214530 0.302083 0.298246
 25 -5.663128 -3.878029 32.012642 -0.940435 0.289971 0.177477 0.250000 0.315789
 26 -6.517725 -4.227783 27.191565 0.973634 -0.225510 0.034389 0.229167 0.184211
Torso-Bk.bmp
 10 -4.750844 4.980327 48.008045 0.084822 0.979890 -0.180610 0.291667 0.789474
  1 -3.450440 2.380327 36.902500 -0.820603 0.571154 0.019857 0.343750 0.464912
  9 -5.259604 -2.196115 45.079365 -0.463651 -0.865461 -0.189751 0.270833 0.692982
Torso-Bk.bmp
 10 -4.750844 4.980327 48.008045 0.084822 0.979890 -0.180610 0.291667 0.789474
  1 0.119477 2.870682 37.660088 -0.005382 0.997936 -0.063991 0.479167 0.482456
  1 -3.450440 2.380327 36.902500 -0.820603 0.571154 0.019857 0.343750 0.464912
Torso-Bk.bmp
 10 -4.750844 4.980327 48.008045 0.084822 0.979890 -0.180610 0.291667 0.789474
 10 0.279231 4.556111 48.272964 0.005618 0.999557 -0.029214 0.479167 0.798246
  1 0.119477 2.870682 37.660088 -0.005382 0.997936 -0.063991 0.479167 0.482456
Torso-Bk.bmp
 10 -4.750844 4.980327 48.008045 0.084822 0.979890 -0.180610 0.291667 0.789474
 16 -6.768171 4.729908 53.631199 -0.350993 0.815878 0.459508 0.229167 0.947368
 10 0.279231 4.556111 48.272964 0.005618 0.999557 -0.029214 0.479167 0.798246
Torso-Bk.bmp
 10 -4.750844 4.980327 48.008045 0.084822 0.979890 -0.180610 0.291667 0.789474
 16 -7.519056 5.028338 51.313675 -0.457621 0.886051 0.074142 0.208333 0.885965
 16 -6.768171 4.729908 53.631199 -0.350993 0.815878 0.459508 0.229167 0.947368
Torso-Bk.bmp
 10 -4.750844 4.980327 48.008045 0.084822 0.979890 -0.180610 0.291667 0.789474
 17 -6.456511 5.438752 41.706596 0.562075 0.771414 -0.298316 0.239583 0.578947
 16 -7.519056 5.028338 51.313675 -0.457621 0.886051 0.074142 0.208333 0.885965
Torso-Bk.bmp
 18 -9.947967 3.732677 39.295074 -0.564065 0.670934 -0.481329 0.104167 0.561404
 18 -10.514355 1.197136 41.192394 -0.985738 -0.121739 0.116192 0.062500 0.587719
 17 -10.438315 3.251323 44.470196 -0.971649 -0.104002 0.212323 0.083333 0.675439
Torso-Bk.bmp
 18 -9.947967 3.732677 39.295074 -0.564065 0.670934 -0.481329 0.104167 0.561404
 18 -11.074288 -2.417367 34.667057 -0.998546 0.050306 0.019359 0.000000 0.377193
 18 -10.514355 1.197136 41.192394 -0.985738 -0.121739 0.116192 0.062500 0.587719
Torso-Bk.bmp
 18 -9.947967 3.732677 39.295074 -0.564065 0.670934 -0.481329 0.104167 0.561404
 18 -10.215173 -1.114365 32.868000 -0.564065 0.670934 -0.481329 0.031250 0.342105
 18 -11.074288 -2.417367 34.667057 -0.998546 0.050306 0.019359 0.000000 0.377193
Torso-Bk.bmp
 18 -9.947967 3.732677 39.295074 -0.564065 0.670934 -0.481329 0.104167 0.561404
 18 -6.841230 -0.946023 32.709671 0.727100 0.543101 -0.419960 0.156250 0.324561
 18 -10.215173 -1.114365 32.868000 -0.564065 0.670934 -0.481329 0.031250 0.342105
Torso-Bk.bmp
 18 -9.947967 3.732677 39.295074 -0.564065 0.670934 -0.481329 0.104167 0.561404
 18 -6.381616 2.733935 39.398262 0.752177 0.469969 -0.461907 0.218750 0.535088
 18 -6.841230 -0.946023 32.709671 0.727100 0.543101 -0.419960 0.156250 0.324561
Torso-Bk.bmp
 36 7.352973 -5.758398 21.716673 -0.321023 -0.928355 0.187354 0.750000 0.008772
 38 5.137135 2.825932 27.267258 -0.000234 0.923680 -0.383164 0.656250 0.184211
 35 6.703881 -5.325074 27.657173 0.977057 0.072704 0.200182 0.718750 0.175439
Torso-Bk.bmp
 35 6.703881 -5.325074 27.657173 0.977057 0.072704 0.200182 0.718750 0.175439
 38 5.137135 2.825932 27.267258 -0.000234 0.923680 -0.383164 0.656250 0.184211
 36 7.352973 -5.758398 21.716673 -0.321023 -0.928355 0.187354 0.750000 0.008772
Torso-Bk.bmp
 38 5.137135 2.825932 27.267258 -0.000234 0.923680 -0.383164 0.656250 0.184211
 39 6.022175 3.200312 21.633722 -0.008851 -0.085798 0.996273 0.687500 0.026316
 36 7.352973 -5.758398 21.716673 -0.321023 -0.928355 0.187354 0.750000 0.008772
Torso-Bk.bmp
 36 7.352973 -5.758398 21.716673 -0.321023 -0.928355 0.187354 0.750000 0.008772
 39 6.022175 3.200312 21.633722 -0.008851 -0.085798 0.996273 0.687500 0.026316
 38 5.137135 2.825932 27.267258 -0.000234 0.923680 -0.383164 0.656250 0.184211
Torso-Bk.bmp
 14 9.734859 4.696681 38.916832 0.375213 0.752139 -0.541758 0.843750 0.552632
 13 6.162822 6.358019 41.429810 -0.542002 0.824829 -0.160905 0.708333 0.578947
 13 9.247749 6.973693 42.977348 0.432665 0.897380 0.086655 0.822917 0.622807
Torso-Bk.bmp
 14 9.734859 4.696681 38.916832 0.375213 0.752139 -0.541758 0.843750 0.552632
 14 6.314864 3.391639 38.980804 -0.781883 0.408456 -0.470980 0.729167 0.535088
 13 6.162822 6.358019 41.429810 -0.542002 0.824829 -0.160905 0.708333 0.578947
Torso-Bk.bmp
 14 9.734859 4.696681 38.916832 0.375213 0.752139 -0.541758 0.843750 0.552632
 14 6.914512 -0.484851 32.581512 -0.764964 0.475199 -0.434759 0.791667 0.324561
 14 6.314864 3.391639 38.980804 -0.781883 0.408456 -0.470980 0.729167 0.535088
Torso-Bk.bmp
 14 9.734859 4.696681 38.916832 0.375213 0.752139 -0.541758 0.843750 0.552632
 14 10.295603 -0.400404 32.692841 0.700976 0.584480 -0.408677 0.916667 0.342105
 14 6.914512 -0.484851 32.581512 -0.764964 0.475199 -0.434759 0.791667 0.324561
Torso-Bk.bmp
 10 5.799171 4.893237 48.218212 -0.254581 0.938642 -0.232681 0.687500 0.798246
 12 5.874646 5.756971 53.422947 0.171652 0.865974 0.469707 0.708333 0.947368
 12 6.665011 6.106432 51.038078 0.253251 0.966338 0.045325 0.739583 0.885965
Torso-Bk.bmp
 12 6.665011 6.106432 51.038078 0.253251 0.966338 0.045325 0.739583 0.885965
 12 5.874646 5.756971 53.422947 0.171652 0.865974 0.469707 0.708333 0.947368
 13 8.323908 4.079223 52.446095 0.886499 -0.057993 0.459083 0.770833 0.903509
Torso-Bk.bmp
 12 5.874646 5.756971 53.422947 0.171652 0.865974 0.469707 0.708333 0.947368
 12 6.577922 4.111013 53.262875 0.521998 -0.032027 0.852345 0.729167 0.938596
 13 8.323908 4.079223 52.446095 0.886499 -0.057993 0.459083 0.770833 0.903509
Torso-Bk.bmp
 25 -5.663128 -3.878029 32.012642 -0.940435 0.289971 0.177477 0.250000 0.315789
 20 -4.258049 2.982114 31.004042 -0.144410 0.965983 0.214530 0.302083 0.298246
 26 -6.517725 -4.227783 27.191565 0.973634 -0.225510 0.034389 0.229167 0.184211
Torso-Bk.bmp
 26 -6.517725 -4.227783 27.191565 0.973634 -0.225510 0.034389 0.229167 0.184211
 20 -4.258049 2.982114 31.004042 -0.144410 0.965983 0.214530 0.302083 0.298246
 25 -5.663128 -3.878029 32.012642 -0.940435 0.289971 0.177477 0.250000 0.315789
Torso-Bk.bmp
 37 5.834194 -2.797779 36.930710 0.892305 -0.424219 0.154372 0.687500 0.456140
  1 4.339552 2.422450 36.931423 0.768698 0.639111 -0.025313 0.635417 0.464912
  9 5.800388 -2.153476 45.085861 0.667710 -0.741940 -0.060725 0.687500 0.692982
Torso-Bk.bmp
  9 5.800388 -2.153476 45.085861 0.667710 -0.741940 -0.060725 0.687500 0.692982
  1 4.339552 2.422450 36.931423 0.768698 0.639111 -0.025313 0.635417 0.464912
 10 5.799171 4.893237 48.218212 -0.254581 0.938642 -0.232681 0.687500 0.798246
Torso-Bk.bmp
 10 0.279231 4.556111 48.272964 0.005618 0.999557 -0.029214 0.479167 0.798246
 16 -6.768171 4.729908 53.631199 -0.350993 0.815878 0.459508 0.229167 0.947368
 10 0.229403 3.752296 55.402824 0.005920 0.463995 0.885818 0.479167 1.000000
Torso-Bk.bmp
  9 -5.259604 -2.196115 45.079365 -0.463651 -0.865461 -0.189751 0.270833 0.692982
  1 -3.450440 2.380327 36.902500 -0.820603 0.571154 0.019857 0.343750 0.464912
 20 -5.080061 -3.104710 37.079704 -0.891962 -0.433404 0.128706 0.281250 0.456140
Torso-Bk.bmp
 13 10.323582 4.497347 44.125080 0.974511 0.069345 0.213351 0.864583 0.666667
 12 6.665011 6.106432 51.038078 0.253251 0.966338 0.045325 0.739583 0.885965
 13 8.323908 4.079223 52.446095 0.886499 -0.057993 0.459083 0.770833 0.903509
Torso-Bk.bmp
 17 -9.344782 5.837302 43.318939 -0.464113 0.881342 0.088515 0.135417 0.631579
 16 -7.519056 5.028338 51.313675 -0.457621 0.886051 0.074142 0.208333 0.885965
 17 -6.456511 5.438752 41.706596 0.562075 0.771414 -0.298316 0.239583 0.578947
Torso-Bk.bmp
 20 -4.258049 2.982114 31.004042 -0.144410 0.965983 0.214530 0.302083 0.298246
 40 0.365516 3.781461 27.127977 -0.475600 0.647692 0.595230 0.468750 0.184211
 22 -4.719132 2.880555 27.125393 0.845882 0.245505 0.473508 0.281250 0.184211
Torso-Bk.bmp
 40 0.365516 3.781461 27.127977 -0.475600 0.647692 0.595230 0.468750 0.184211
 38 5.137135 2.825932 27.267258 -0.000234 0.923680 -0.383164 0.656250 0.184211
 39 6.022175 3.200312 21.633722 -0.008851 -0.085798 0.996273 0.687500 0.026316
Torso-Bk.bmp
 23 -0.338190 3.424098 20.965359 0.092154 0.077787 0.992702 0.468750 0.026316
 40 0.365516 3.781461 27.127977 -0.475600 0.647692 0.595230 0.468750 0.184211
 41 -5.135967 3.487815 21.732586 -0.999889 -0.013227 -0.006907 0.270833 0.026316
Torso-Bk.bmp
  1 0.119477 2.870682 37.660088 -0.005382 0.997936 -0.063991 0.479167 0.482456
 40 0.365516 3.781461 27.127977 -0.475600 0.647692 0.595230 0.468750 0.184211
 37 4.852156 3.085127 31.128056 0.645175 0.750248 0.144487 0.645833 0.298246
Torso-Bk.bmp
 34 6.197406 -4.485020 32.205849 0.287186 -0.948222 0.135644 0.697917 0.315789
 35 6.703881 -5.325074 27.657173 0.977057 0.072704 0.200182 0.718750 0.175439
 37 4.852156 3.085127 31.128056 0.645175 0.750248 0.144487 0.645833 0.298246
Pnts-fnt.bmp
  4 0.482653 -5.421543 2.868933 -0.803396 -0.590016 -0.080224 0.578947 0.005465
  4 3.372954 -6.249347 3.054132 0.052458 -0.998360 -0.022910 0.789474 0.010929
  3 0.163417 -5.225296 17.747772 -0.613986 -0.783553 0.095219 0.513158 0.415301
Pnts-fnt.bmp
  3 0.163417 -5.225296 17.747772 -0.613986 -0.783553 0.095219 0.513158 0.415301
  4 3.372954 -6.249347 3.054132 0.052458 -0.998360 -0.022910 0.789474 0.010929
  3 3.012604 -5.228793 17.488520 0.014566 -0.997456 0.069783 0.723684 0.409836
Pnts-fnt.bmp
  4 3.372954 -6.249347 3.054132 0.052458 -0.998360 -0.022910 0.789474 0.010929
  3 5.372710 -5.206804 17.492796 0.689393 -0.720033 0.079302 0.881579 0.415301
  3 3.012604 -5.228793 17.488520 0.014566 -0.997456 0.069783 0.723684 0.409836
Pnts-fnt.bmp
  3 3.012604 -5.228793 17.488520 0.014566 -0.997456 0.069783 0.723684 0.409836
  3 5.372710 -5.206804 17.492796 0.689393 -0.720033 0.079302 0.881579 0.415301
  2 5.512394 -4.498155 19.831650 0.810428 -0.584991 0.031502 0.894737 0.480874
Pnts-fnt.bmp
  3 5.372710 -5.206804 17.492796 0.689393 -0.720033 0.079302 0.881579 0.415301
  2 4.436305 1.078378 18.760902 0.817130 0.575429 -0.034363 0.815789 0.469945
  2 5.512394 -4.498155 19.831650 0.810428 -0.584991 0.031502 0.894737 0.480874
Pnts-fnt.bmp
  2 5.512394 -4.498155 19.831650 0.810428 -0.584991 0.031502 0.894737 0.480874
  2 4.436305 1.078378 18.760902 0.817130 0.575429 -0.034363 0.815789 0.469945
  2 4.333194 2.297436 29.112335 0.624985 0.776726 -0.078036 0.776316 0.765027
Pnts-fnt.bmp
  2 4.436305 1.078378 18.760902 0.817130 0.575429 -0.034363 0.815789 0.469945
  2 0.325953 0.721923 19.010183 -0.641016 0.765605 -0.054281 0.526316 0.469945
  2 4.333194 2.297436 29.112335 0.624985 0.776726 -0.078036 0.776316 0.765027
Pnts-fnt.bmp
  2 4.333194 2.297436 29.112335 0.624985 0.776726 -0.078036 0.776316 0.765027
  2 0.325953 0.721923 19.010183 -0.641016 0.765605 -0.054281 0.526316 0.469945
  1 0.019492 2.574771 29.304945 -0.015282 0.999256 -0.035417 0.460526 0.765027
Pnts-fnt.bmp
  2 0.325953 0.721923 19.010183 -0.641016 0.765605 -0.054281 0.526316 0.469945
  1 0.220502 -3.197583 29.674154 -0.009620 -0.993732 -0.111378 0.473684 0.765027
  1 0.019492 2.574771 29.304945 -0.015282 0.999256 -0.035417 0.460526 0.765027
Pnts-fnt.bmp
  1 0.019492 2.574771 29.304945 -0.015282 0.999256 -0.035417 0.460526 0.765027
  1 0.220502 -3.197583 29.674154 -0.009620 -0.993732 -0.111378 0.473684 0.765027
  5 0.259380 1.724369 19.076042 0.800891 0.598806 0.002213 0.421053 0.469945
Pnts-fnt.bmp
  1 0.220502 -3.197583 29.674154 -0.009620 -0.993732 -0.111378 0.473684 0.765027
  5 0.285784 -3.491431 19.866312 0.665065 -0.744550 -0.057734 0.421053 0.486339
  5 0.259380 1.724369 19.076042 0.800891 0.598806 0.002213 0.421053 0.469945
Pnts-fnt.bmp
  5 0.259380 1.724369 19.076042 0.800891 0.598806 0.002213 0.421053 0.469945
  5 0.285784 -3.491431 19.866312 0.665065 -0.744550 -0.057734 0.421053 0.486339
  6 0.289049 -3.158597 17.723417 0.704362 -0.703605 -0.093882 0.421053 0.431694
Pnts-fnt.bmp
  5 0.285784 -3.491431 19.866312 0.665065 -0.744550 -0.057734 0.421053 0.486339
  6 -2.755437 -3.995407 17.036646 -0.025080 -0.974696 -0.222122 0.197368 0.415301
  6 0.289049 -3.158597 17.723417 0.704362 -0.703605 -0.093882 0.421053 0.431694
Pnts-fnt.bmp
  6 0.289049 -3.158597 17.723417 0.704362 -0.703605 -0.093882 0.421053 0.431694
  6 -2.755437 -3.995407 17.036646 -0.025080 -0.974696 -0.222122 0.197368 0.415301
  7 -3.115472 -2.821359 3.156050 -0.075590 -0.996666 -0.030710 0.144737 0.010929
Pnts-fnt.bmp
  6 -2.755437 -3.995407 17.036646 -0.025080 -0.974696 -0.222122 0.197368 0.415301
  6 -5.097507 -3.182855 17.472382 -0.778563 -0.615916 -0.120358 0.039474 0.431694
  7 -3.115472 -2.821359 3.156050 -0.075590 -0.996666 -0.030710 0.144737 0.010929
Pnts-fnt.bmp
  7 -3.115472 -2.821359 3.156050 -0.075590 -0.996666 -0.030710 0.144737 0.010929
  6 -5.097507 -3.182855 17.472382 -0.778563 -0.615916 -0.120358 0.039474 0.431694
  7 -5.385629 -1.640738 3.138127 -0.969811 -0.241220 0.035758 0.000000 0.010929
Pnts-fnt.bmp
  6 -5.097507 -3.182855 17.472382 -0.778563 -0.615916 -0.120358 0.039474 0.431694
  5 -4.434913 2.361006 19.076323 -0.822788 0.568348 -0.000689 0.092105 0.475410
  7 -5.385629 -1.640738 3.138127 -0.969811 -0.241220 0.035758 0.000000 0.010929
Pnts-fnt.bmp
  7 -5.385629 -1.640738 3.138127 -0.969811 -0.241220 0.035758 0.000000 0.010929
  5 -4.434913 2.361006 19.076323 -0.822788 0.568348 -0.000689 0.092105 0.475410
  7 -4.236486 5.369043 2.896206 -0.296042 0.946422 0.129017 0.065789 0.005465
Pnts-fnt.bmp
  5 -4.434913 2.361006 19.076323 -0.822788 0.568348 -0.000689 0.092105 0.475410
  5 0.259380 1.724369 19.076042 0.800891 0.598806 0.002213 0.421053 0.469945
  7 -4.236486 5.369043 2.896206 -0.296042 0.946422 0.129017 0.065789 0.005465
Pnts-fnt.bmp
  7 -4.236486 5.369043 2.896206 -0.296042 0.946422 0.129017 0.065789 0.005465
  5 0.259380 1.724369 19.076042 0.800891 0.598806 0.002213 0.421053 0.469945
  7 -0.146429 4.626812 2.987471 0.756240 0.653281 0.036393 0.355263 0.005465
Pnts-fnt.bmp
  5 0.259380 1.724369 19.076042 0.800891 0.598806 0.002213 0.421053 0.469945
  7 0.094488 -1.986446 3.011210 0.922006 -0.382211 -0.061805 0.368421 0.005465
  7 -0.146429 4.626812 2.987471 0.756240 0.653281 0.036393 0.355263 0.005465
Pnts-fnt.bmp
  2 4.333194 2.297436 29.112335 0.624985 0.776726 -0.078036 0.776316 0.765027
  2 5.465211 -2.997877 31.763332 0.915433 -0.401792 -0.023337 0.842105 0.825137
  2 5.512394 -4.498155 19.831650 0.810428 -0.584991 0.031502 0.894737 0.480874
Pnts-fnt.bmp
  2 5.512394 -4.498155 19.831650 0.810428 -0.584991 0.031502 0.894737 0.480874
  2 5.465211 -2.997877 31.763332 0.915433 -0.401792 -0.023337 0.842105 0.825137
  2 3.062635 -4.238026 32.171322 0.070564 -0.995951 0.055698 0.684211 0.830601
Pnts-fnt.bmp
  2 5.465211 -2.997877 31.763332 0.915433 -0.401792 -0.023337 0.842105 0.825137
  1 3.420746 -4.444431 35.598335 0.206673 -0.972780 -0.104812 0.697368 0.928962
  2 3.062635 -4.238026 32.171322 0.070564 -0.995951 0.055698 0.684211 0.830601
Pnts-fnt.bmp
  2 3.062635 -4.238026 32.171322 0.070564 -0.995951 0.055698 0.684211 0.830601
  1 3.420746 -4.444431 35.598335 0.206673 -0.972780 -0.104812 0.697368 0.928962
  1 0.220502 -3.197583 29.674154 -0.009620 -0.993732 -0.111378 0.473684 0.765027
Pnts-fnt.bmp
  1 3.420746 -4.444431 35.598335 0.206673 -0.972780 -0.104812 0.697368 0.928962
  1 -2.859257 -4.422694 35.707809 -0.198822 -0.974935 -0.099856 0.250000 0.934426
  1 0.220502 -3.197583 29.674154 -0.009620 -0.993732 -0.111378 0.473684 0.765027
Pnts-fnt.bmp
  1 0.220502 -3.197583 29.674154 -0.009620 -0.993732 -0.111378 0.473684 0.765027
  1 -2.859257 -4.422694 35.707809 -0.198822 -0.974935 -0.099856 0.250000 0.934426
  5 -2.721179 -4.057366 32.044773 -0.068421 -0.997643 -0.005286 0.250000 0.830601
Pnts-fnt.bmp
  1 -2.859257 -4.422694 35.707809 -0.198822 -0.974935 -0.099856 0.250000 0.934426
  5 -5.181548 -2.823663 31.621267 -0.910865 -0.412689 0.003537 0.078947 0.825137
  5 -2.721179 -4.057366 32.044773 -0.068421 -0.997643 -0.005286 0.250000 0.830601
Pnts-fnt.bmp
  5 -2.721179 -4.057366 32.044773 -0.068421 -0.997643 -0.005286 0.250000 0.830601
  5 -5.181548 -2.823663 31.621267 -0.910865 -0.412689 0.003537 0.078947 0.825137
  5 -5.361276 -3.547345 19.654444 -0.822735 -0.564217 -0.069038 0.026316 0.486339
Pnts-fnt.bmp
  5 -5.181548 -2.823663 31.621267 -0.910865 -0.412689 0.003537 0.078947 0.825137
  5 -4.104328 2.625806 29.320164 -0.621800 0.783156 0.005562 0.144737 0.765027
  5 -5.361276 -3.547345 19.654444 -0.822735 -0.564217 -0.069038 0.026316 0.486339
Pnts-fnt.bmp
  5 -5.361276 -3.547345 19.654444 -0.822735 -0.564217 -0.069038 0.026316 0.486339
  5 -4.104328 2.625806 29.320164 -0.621800 0.783156 0.005562 0.144737 0.765027
  5 -4.434913 2.361006 19.076323 -0.822788 0.568348 -0.000689 0.092105 0.475410
Pnts-fnt.bmp
  5 -4.104328 2.625806 29.320164 -0.621800 0.783156 0.005562 0.144737 0.765027
  5 0.259380 1.724369 19.076042 0.800891 0.598806 0.002213 0.421053 0.469945
  5 -4.434913 2.361006 19.076323 -0.822788 0.568348 -0.000689 0.092105 0.475410
Pnts-fnt.bmp
  4 3.372954 -6.249347 3.054132 0.052458 -0.998360 -0.022910 0.789474 0.010929
  4 5.732644 -5.049272 2.992638 0.971905 -0.231491 0.042574 0.960526 0.010929
  3 5.372710 -5.206804 17.492796 0.689393 -0.720033 0.079302 0.881579 0.415301
Pnts-fnt.bmp
  3 5.372710 -5.206804 17.492796 0.689393 -0.720033 0.079302 0.881579 0.415301
  4 5.732644 -5.049272 2.992638 0.971905 -0.231491 0.042574 0.960526 0.010929
  2 4.436305 1.078378 18.760902 0.817130 0.575429 -0.034363 0.815789 0.469945
Pnts-fnt.bmp
  4 5.732644 -5.049272 2.992638 0.971905 -0.231491 0.042574 0.960526 0.010929
  4 4.570755 1.926528 2.494823 0.310323 0.943991 0.112161 0.868421 0.005465
  2 4.436305 1.078378 18.760902 0.817130 0.575429 -0.034363 0.815789 0.469945
Pnts-fnt.bmp
  2 4.436305 1.078378 18.760902 0.817130 0.575429 -0.034363 0.815789 0.469945
  4 4.570755 1.926528 2.494823 0.310323 0.943991 0.112161 0.868421 0.005465
  2 0.325953 0.721923 19.010183 -0.641016 0.765605 -0.054281 0.526316 0.469945
Pnts-fnt.bmp
  4 4.570755 1.926528 2.494823 0.310323 0.943991 0.112161 0.868421 0.005465
  4 0.690997 1.176595 2.613465 -0.949394 0.312158 -0.034758 0.592105 0.005465
  2 0.325953 0.721923 19.010183 -0.641016 0.765605 -0.054281 0.526316 0.469945
Pnts-fnt.bmp
  2 0.325953 0.721923 19.010183 -0.641016 0.765605 -0.054281 0.526316 0.469945
  4 0.690997 1.176595 2.613465 -0.949394 0.312158 -0.034758 0.592105 0.005465
  2 0.093443 -4.435742 20.115858 -0.741679 -0.668832 0.050758 0.513158 0.486339
Pnts-fnt.bmp
  4 0.690997 1.176595 2.613465 -0.949394 0.312158 -0.034758 0.592105 0.005465
  3 0.163417 -5.225296 17.747772 -0.613986 -0.783553 0.095219 0.513158 0.415301
  2 0.093443 -4.435742 20.115858 -0.741679 -0.668832 0.050758 0.513158 0.486339
Pnts-fnt.bmp
  2 0.093443 -4.435742 20.115858 -0.741679 -0.668832 0.050758 0.513158 0.486339
  3 0.163417 -5.225296 17.747772 -0.613986 -0.783553 0.095219 0.513158 0.415301
  3 3.012604 -5.228793 17.488520 0.014566 -0.997456 0.069783 0.723684 0.409836
Pnts-fnt.bmp
  1 0.019492 2.574771 29.304945 -0.015282 0.999256 -0.035417 0.460526 0.765027
  1 4.339552 2.422450 36.931423 0.636749 0.771011 -0.009614 0.763158 0.978142
  2 4.333194 2.297436 29.112335 0.624985 0.776726 -0.078036 0.776316 0.765027
Pnts-fnt.bmp
  1 0.019492 2.574771 29.304945 -0.015282 0.999256 -0.035417 0.460526 0.765027
  1 0.119477 2.870682 37.660088 -0.015282 0.999256 -0.035417 0.460526 1.000000
  1 4.339552 2.422450 36.931423 0.636749 0.771011 -0.009614 0.763158 0.978142
Pnts-fnt.bmp
  1 0.019492 2.574771 29.304945 -0.015282 0.999256 -0.035417 0.460526 0.765027
  1 -3.450440 2.380327 36.902500 -0.634924 0.770635 0.054715 0.210526 0.978142
  1 0.119477 2.870682 37.660088 -0.015282 0.999256 -0.035417 0.460526 1.000000
Pnts-fnt.bmp
  1 0.019492 2.574771 29.304945 -0.015282 0.999256 -0.035417 0.460526 0.765027
  5 -4.104328 2.625806 29.320164 -0.621800 0.783156 0.005562 0.144737 0.765027
  1 -3.450440 2.380327 36.902500 -0.634924 0.770635 0.054715 0.210526 0.978142
Pnts-fnt.bmp
  1 0.019492 2.574771 29.304945 -0.015282 0.999256 -0.035417 0.460526 0.765027
  5 0.259380 1.724369 19.076042 0.800891 0.598806 0.002213 0.421053 0.469945
  5 -4.104328 2.625806 29.320164 -0.621800 0.783156 0.005562 0.144737 0.765027
Pnts-fnt.bmp
  2 0.325953 0.721923 19.010183 -0.641016 0.765605 -0.054281 0.526316 0.469945
  2 0.093443 -4.435742 20.115858 -0.741679 -0.668832 0.050758 0.513158 0.486339
  1 0.220502 -3.197583 29.674154 -0.009620 -0.993732 -0.111378 0.473684 0.765027
Pnts-fnt.bmp
  1 0.220502 -3.197583 29.674154 -0.009620 -0.993732 -0.111378 0.473684 0.765027
  2 0.093443 -4.435742 20.115858 -0.741679 -0.668832 0.050758 0.513158 0.486339
  2 3.062635 -4.238026 32.171322 0.070564 -0.995951 0.055698 0.684211 0.830601
Pnts-fnt.bmp
  2 0.093443 -4.435742 20.115858 -0.741679 -0.668832 0.050758 0.513158 0.486339
  2 3.067482 -5.608910 19.383623 0.025628 -0.998704 -0.043978 0.723684 0.464481
  2 3.062635 -4.238026 32.171322 0.070564 -0.995951 0.055698 0.684211 0.830601
Pnts-fnt.bmp
  2 3.062635 -4.238026 32.171322 0.070564 -0.995951 0.055698 0.684211 0.830601
  2 3.067482 -5.608910 19.383623 0.025628 -0.998704 -0.043978 0.723684 0.464481
  2 5.512394 -4.498155 19.831650 0.810428 -0.584991 0.031502 0.894737 0.480874
Pnts-fnt.bmp
  2 3.067482 -5.608910 19.383623 0.025628 -0.998704 -0.043978 0.723684 0.464481
  3 3.012604 -5.228793 17.488520 0.014566 -0.997456 0.069783 0.723684 0.409836
  2 5.512394 -4.498155 19.831650 0.810428 -0.584991 0.031502 0.894737 0.480874
Pnts-fnt.bmp
  5 -2.721179 -4.057366 32.044773 -0.068421 -0.997643 -0.005286 0.250000 0.830601
  5 -2.786181 -4.613257 19.123390 -0.018427 -0.994218 -0.105788 0.210526 0.464481
  5 0.285784 -3.491431 19.866312 0.665065 -0.744550 -0.057734 0.421053 0.486339
Pnts-fnt.bmp
  5 0.285784 -3.491431 19.866312 0.665065 -0.744550 -0.057734 0.421053 0.486339
  5 -2.786181 -4.613257 19.123390 -0.018427 -0.994218 -0.105788 0.210526 0.464481
  6 -2.755437 -3.995407 17.036646 -0.025080 -0.974696 -0.222122 0.197368 0.415301
Pnts-fnt.bmp
  5 -2.786181 -4.613257 19.123390 -0.018427 -0.994218 -0.105788 0.210526 0.464481
  5 -5.361276 -3.547345 19.654444 -0.822735 -0.564217 -0.069038 0.026316 0.486339
  6 -2.755437 -3.995407 17.036646 -0.025080 -0.974696 -0.222122 0.197368 0.415301
Pnts-fnt.bmp
  6 -2.755437 -3.995407 17.036646 -0.025080 -0.974696 -0.222122 0.197368 0.415301
  5 -5.361276 -3.547345 19.654444 -0.822735 -0.564217 -0.069038 0.026316 0.486339
  6 -5.097507 -3.182855 17.472382 -0.778563 -0.615916 -0.120358 0.039474 0.431694
Pnts-fnt.bmp
  5 -5.361276 -3.547345 19.654444 -0.822735 -0.564217 -0.069038 0.026316 0.486339
  5 -4.434913 2.361006 19.076323 -0.822788 0.568348 -0.000689 0.092105 0.475410
  6 -5.097507 -3.182855 17.472382 -0.778563 -0.615916 -0.120358 0.039474 0.431694
Pnts-fnt.bmp
  1 3.420746 -4.444431 35.598335 0.206673 -0.972780 -0.104812 0.697368 0.928962
  2 5.465211 -2.997877 31.763332 0.915433 -0.401792 -0.023337 0.842105 0.825137
 37 5.834194 -2.797779 36.930710 0.941697 -0.334488 -0.036403 0.868421 0.972678
Pnts-fnt.bmp
 37 5.834194 -2.797779 36.930710 0.941697 -0.334488 -0.036403 0.868421 0.972678
  2 5.465211 -2.997877 31.763332 0.915433 -0.401792 -0.023337 0.842105 0.825137
  1 4.339552 2.422450 36.931423 0.636749 0.771011 -0.009614 0.763158 0.978142
Pnts-fnt.bmp
  2 5.465211 -2.997877 31.763332 0.915433 -0.401792 -0.023337 0.842105 0.825137
  2 4.333194 2.297436 29.112335 0.624985 0.776726 -0.078036 0.776316 0.765027
  1 4.339552 2.422450 36.931423 0.636749 0.771011 -0.009614 0.763158 0.978142
Pnts-fnt.bmp
  5 -4.104328 2.625806 29.320164 -0.621800 0.783156 0.005562 0.144737 0.765027
  5 -5.181548 -2.823663 31.621267 -0.910865 -0.412689 0.003537 0.078947 0.825137
  1 -3.450440 2.380327 36.902500 -0.634924 0.770635 0.054715 0.210526 0.978142
Pnts-fnt.bmp
  1 -3.450440 2.380327 36.902500 -0.634924 0.770635 0.054715 0.210526 0.978142
  5 -5.181548 -2.823663 31.621267 -0.910865 -0.412689 0.003537 0.078947 0.825137
