version 1
nodes
0 "Bip02" -1
1 "Bip02 Pelvis" 0
2 "Bip02 L Leg" 1
3 "Bip02 L Leg1" 2
4 "Bip02 L Foot" 3
5 "Bip02 R Leg" 1
6 "Bip02 R Leg1" 5
7 "Bip02 R Foot" 6
8 "Bip02 Spine" 1
9 "Bip02 Spine1" 8
10 "Bip02 Spine2" 9
11 "Bip02 Neck" 10
12 "Bip02 L Arm" 11
13 "Bip02 L Arm1" 12
14 "Bip02 L Arm2" 13
15 "Bip02 L Hand" 14
16 "Bip02 R Arm" 11
17 "Bip02 R Arm1" 16
18 "Bip02 R Arm2" 17
19 "Bip02 R Hand" 18
20 "Bone08" 1
21 "Bone09" 20
22 "Bone10" 21
23 "Bone11" 22
24 "Bone24" 1
25 "Bone25" 24
26 "Bone26" 25
27 "Bone27" 26
28 "Bone30" 1
29 "Bone31" 28
30 "Bone32" 29
31 "Bone35" 1
32 "Bone36" 31
33 "Bone37" 32
34 "Bone19" 1
35 "Bone20" 34
36 "Bone21" 35
37 "Bone14" 1
38 "Bone15" 37
39 "Bone16" 38
40 "Bone04" 1
41 "Bone05" 40
42 "Bip02 Head" 11
43 "Bone01" 42
end
skeleton
time 0
0 0.000000 0.000000 34.453125 -0.000000 -0.026005 -1.570796
1 0.203125 0.000000 0.000000 -1.570622 -1.570622 0.000000
2 0.000000 0.000000 3.062500 -3.138626 0.003491 3.072303
3 15.640625 0.000000 0.000000 0.000000 -0.000000 -0.156556
4 15.359375 0.000000 0.000000 -0.003316 0.002618 0.069813
5 0.000000 0.000000 -3.062500 3.136706 -0.016581 3.133041
6 15.640625 0.000000 0.000000 0.000000 -0.000000 -0.257087
7 15.359375 0.000000 0.000000 0.005934 -0.015708 0.194430
8 3.218750 0.000000 0.000000 0.000000 -0.000000 -0.025133
9 4.921875 0.000000 0.000000 0.000000 -0.000000 -0.034558
10 5.265625 0.000000 0.000000 0.000000 -0.000000 -0.017104
11 6.375000 0.000000 0.000000 0.000000 -0.026005 0.098960
12 0.046875 0.000000 1.843750 -0.571246 -1.364673 -2.682571
13 4.390625 0.000000 0.000000 0.721868 1.113869 0.508589
14 10.140625 0.000000 0.000000 0.000000 -0.000000 -0.722566
15 10.140625 0.000000 0.000000 -1.573938 0.019199 0.236318
16 -0.046875 0.000000 -1.843750 -0.529009 1.350012 2.519557
17 4.390625 0.000000 0.000000 -0.711920 -1.165182 0.643503
18 10.140625 0.000000 0.000000 0.000000 -0.000000 -0.671952
19 10.140625 0.000000 0.000000 1.767670 -0.169471 0.443314
20 2.515625 -2.562500 -3.421875 -1.243547 1.530479 -2.840000
21 1.218750 -5.875000 0.812500 0.000000 0.002094 -0.026005
22 0.000000 0.000000 0.000000 0.000000 -0.000000 0.000000
23 0.640625 -3.812500 0.109375 0.000698 0.006109 0.156382
24 2.484375 2.984375 -5.078125 -1.554739 1.318422 3.121871
25 0.000000 0.000000 0.000000 0.000000 -0.000000 0.193382
26 1.875000 -5.281250 -0.500000 0.000000 -0.004189 -0.075224
27 1.375000 -4.671875 0.000000 0.000524 0.009774 0.066672
28 1.109375 4.250000 -2.843750 -0.449073 -1.510408 -1.195202
29 -0.671875 -4.078125 0.453125 -0.024784 0.007156 -0.001222
30 -0.156250 -4.718750 0.328125 0.035779 0.068068 -0.020071
31 1.046875 4.265625 3.437500 -1.274265 -1.428203 -0.482060
32 -0.078125 -4.078125 -0.203125 0.272271 0.132121 -0.019024
33 -0.437500 -4.671875 0.890625 -0.110828 0.071559 -0.006109
34 2.406250 2.656250 5.937500 1.710074 1.570622 0.000000
35 -0.359375 -4.968750 -0.921875 0.024958 0.026878 0.033510
36 -0.609375 -4.562500 0.015625 -0.142070 0.105767 -0.029496
37 2.515625 -2.531250 4.343750 1.570622 1.570622 0.000000
38 -0.515625 -5.765625 0.859375 0.095644 -0.000000 0.000000
39 -0.296875 -3.875000 0.203125 -0.234223 -0.016581 -0.005760
40 3.250000 -2.984375 0.093750 -0.042062 0.004014 -1.605528
41 1.546875 -10.421875 -0.421875 0.034383 0.008552 0.001222
42 2.234367 0.000000 0.000000 0.005411 0.017104 0.142070
43 1.556503 0.902900 0.197600 0.000000 -0.000000 -1.745155
end
triangles
Torso-Bk.bmp
14 10.711896 3.665868 41.624195 0.994850 0.032504 0.096009 0.950433 0.628255
14 9.723171 4.689641 38.920547 0.375213 0.752139 -0.541758 0.895838 0.573903
13 10.312795 4.488750 44.121960 0.974511 0.069345 0.213351 0.925100 0.671431
Torso-Bk.bmp
13 10.312795 4.488750 44.121960 0.974511 0.069345 0.213351 0.925100 0.671431
14 9.723171 4.689641 38.920547 0.375213 0.752139 -0.541758 0.895838 0.573903
13 9.236961 6.965097 42.974228 0.432665 0.897380 0.086655 0.870504 0.642983
Torso-Bk.bmp
14 9.723171 4.689641 38.920547 0.375213 0.752139 -0.541758 0.895838 0.573903
13 6.161833 6.348189 41.428261 -0.542002 0.824829 -0.160905 0.754732 0.589989
13 9.236961 6.965097 42.974228 0.432665 0.897380 0.086655 0.870504 0.642983
Torso-Bk.bmp
13 9.236961 6.965097 42.974228 0.432665 0.897380 0.086655 0.870504 0.642983
13 6.161833 6.348189 41.428261 -0.542002 0.824829 -0.160905 0.754732 0.589989
12 6.656409 6.095649 51.041195 0.253251 0.966338 0.045325 0.789901 0.882705
Torso-Bk.bmp
13 6.161833 6.348189 41.428261 -0.542002 0.824829 -0.160905 0.754732 0.589989
10 5.789173 4.882263 48.209290 -0.254581 0.938642 -0.232681 0.727414 0.789512
12 6.656409 6.095649 51.041195 0.253251 0.966338 0.045325 0.789901 0.882705
Torso-Bk.bmp
12 6.656409 6.095649 51.041195 0.253251 0.966338 0.045325 0.789901 0.882705
10 5.789173 4.882263 48.209290 -0.254581 0.938642 -0.232681 0.727414 0.789512
12 5.864068 5.744953 53.416340 0.171652 0.865974 0.469707 0.745984 0.943986
Torso-Bk.bmp
10 5.789173 4.882263 48.209290 -0.254581 0.938642 -0.232681 0.727414 0.789512
10 0.269232 4.545137 48.264042 0.005618 0.999557 -0.029214 0.515395 0.789512
12 5.864068 5.744953 53.416340 0.171652 0.865974 0.469707 0.745984 0.943986
Torso-Bk.bmp
12 5.864068 5.744953 53.416340 0.171652 0.865974 0.469707 0.745984 0.943986
10 0.269232 4.545137 48.264042 0.005618 0.999557 -0.029214 0.515395 0.789512
10 0.219405 3.741322 55.393902 0.005920 0.463995 0.885818 0.515395 0.988510
Torso-Bk.bmp
10 0.269232 4.545137 48.264042 0.005618 0.999557 -0.029214 0.515395 0.789512
16 -6.765402 4.719184 53.622402 -0.350993 0.815878 0.459508 0.247938 0.944001
10 0.219405 3.741322 55.393902 0.005920 0.463995 0.885818 0.515395 0.988510
Torso-Bk.bmp
10 0.219405 3.741322 55.393902 0.005920 0.463995 0.885818 0.515395 0.988510
16 -6.765402 4.719184 53.622402 -0.350993 0.815878 0.459508 0.247938 0.944001
16 -7.146547 3.072929 53.588188 -0.495112 -0.126133 0.859625 0.233902 0.944001
Torso-Bk.bmp
16 -6.765402 4.719184 53.622402 -0.350993 0.815878 0.459508 0.247938 0.944001
17 -8.316310 2.955261 52.527191 -0.911728 -0.106923 0.396635 0.177761 0.899274
16 -7.146547 3.072929 53.588188 -0.495112 -0.126133 0.859625 0.233902 0.944001
Torso-Bk.bmp
1 5.824193 -2.787784 36.930454 0.892305 -0.424219 0.154372 0.727414 0.452080
1 4.329554 2.412451 36.931683 0.768698 0.639111 -0.025313 0.674410 0.460732
9 5.790386 -2.144368 45.075047 0.667710 -0.741940 -0.060725 0.727414 0.685686
Torso-Bk.bmp
9 5.790386 -2.144368 45.075047 0.667710 -0.741940 -0.060725 0.727414 0.685686
1 4.329554 2.412451 36.931683 0.768698 0.639111 -0.025313 0.674410 0.460732
10 5.789173 4.882263 48.209290 -0.254581 0.938642 -0.232681 0.727414 0.789512
Torso-Bk.bmp
1 4.329554 2.412451 36.931683 0.768698 0.639111 -0.025313 0.674410 0.460732
1 0.109479 2.860425 37.650349 -0.005382 0.997936 -0.063991 0.515395 0.478037
10 5.789173 4.882263 48.209290 -0.254581 0.938642 -0.232681 0.727414 0.789512
Torso-Bk.bmp
10 5.789173 4.882263 48.209290 -0.254581 0.938642 -0.232681 0.727414 0.789512
1 0.109479 2.860425 37.650349 -0.005382 0.997936 -0.063991 0.515395 0.478037
10 0.269232 4.545137 48.264042 0.005618 0.999557 -0.029214 0.515395 0.789512
Torso-Bk.bmp
1 0.109479 2.860425 37.650349 -0.005382 0.997936 -0.063991 0.515395 0.478037
10 -4.750843 4.969355 47.999123 0.084822 0.979890 -0.180610 0.324577 0.780860
10 0.269232 4.545137 48.264042 0.005618 0.999557 -0.029214 0.515395 0.789512
Torso-Bk.bmp
10 0.269232 4.545137 48.264042 0.005618 0.999557 -0.029214 0.515395 0.789512
10 -4.750843 4.969355 47.999123 0.084822 0.979890 -0.180610 0.324577 0.780860
16 -6.765402 4.719184 53.622402 -0.350993 0.815878 0.459508 0.247938 0.944001
Torso-Bk.bmp
10 -4.750843 4.969355 47.999123 0.084822 0.979890 -0.180610 0.324577 0.780860
16 -7.508123 5.019740 51.316231 -0.457621 0.886051 0.074142 0.219867 0.881382
16 -6.765402 4.719184 53.622402 -0.350993 0.815878 0.459508 0.247938 0.944001
Torso-Bk.bmp
16 -6.765402 4.719184 53.622402 -0.350993 0.815878 0.459508 0.247938 0.944001
16 -7.508123 5.019740 51.316231 -0.457621 0.886051 0.074142 0.219867 0.881382
17 -8.316310 2.955261 52.527191 -0.911728 -0.106923 0.396635 0.177761 0.899274
Torso-Bk.bmp
16 -7.508123 5.019740 51.316231 -0.457621 0.886051 0.074142 0.219867 0.881382
17 -10.426880 3.243600 44.467102 -0.971649 -0.104002 0.212323 0.062137 0.694593
17 -8.316310 2.955261 52.527191 -0.911728 -0.106923 0.396635 0.177761 0.899274
Torso-Bk.bmp
18 -9.935760 3.726348 39.298374 -0.564065 0.670934 -0.481329 0.117031 0.578199
17 -6.454740 5.429024 41.705105 0.562075 0.771414 -0.298316 0.265692 0.593235
18 -6.381616 2.733935 39.398262 0.752177 0.469969 -0.461907 0.242216 0.550735
Torso-Bk.bmp
18 -9.935760 3.726348 39.298374 -0.564065 0.670934 -0.481329 0.117031 0.578199
17 -9.333346 5.829579 43.315842 -0.464113 0.881342 0.088515 0.152243 0.646200
17 -6.454740 5.429024 41.705105 0.562075 0.771414 -0.298316 0.265692 0.593235
Torso-Bk.bmp
18 -9.935760 3.726348 39.298374 -0.564065 0.670934 -0.481329 0.117031 0.578199
17 -10.426880 3.243600 44.467102 -0.971649 -0.104002 0.212323 0.062137 0.694593
17 -9.333346 5.829579 43.315842 -0.464113 0.881342 0.088515 0.152243 0.646200
Torso-Bk.bmp
18 -9.935760 3.726348 39.298374 -0.564065 0.670934 -0.481329 0.117031 0.578199
18 -10.504690 1.199141 41.190792 -0.985738 -0.121739 0.116192 0.038661 0.609590
17 -10.426880 3.243600 44.467102 -0.971649 -0.104002 0.212323 0.062137 0.694593
Torso-Bk.bmp
18 -9.935760 3.726348 39.298374 -0.564065 0.670934 -0.481329 0.117031 0.578199
18 -11.064623 -2.415362 34.665455 -0.998546 0.050306 0.019359 0.007465 0.397731
18 -10.504690 1.199141 41.190792 -0.985738 -0.121739 0.116192 0.038661 0.609590
Torso-Bk.bmp
18 -9.935760 3.726348 39.298374 -0.564065 0.670934 -0.481329 0.117031 0.578199
18 -10.205508 -1.112360 32.866398 -0.564065 0.670934 -0.481329 0.030940 0.363730
18 -11.064623 -2.415362 34.665455 -0.998546 0.050306 0.019359 0.007465 0.397731
Torso-Bk.bmp
18 -9.935760 3.726348 39.298374 -0.564065 0.670934 -0.481329 0.117031 0.578199
18 -6.841230 -0.946023 32.709671 0.727100 0.543101 -0.419960 0.171791 0.346729
18 -10.205508 -1.112360 32.866398 -0.564065 0.670934 -0.481329 0.030940 0.363730
Torso-Bk.bmp
18 -9.935760 3.726348 39.298374 -0.564065 0.670934 -0.481329 0.117031 0.578199
18 -6.381616 2.733935 39.398262 0.752177 0.469969 -0.461907 0.242216 0.550735
18 -6.841230 -0.946023 32.709671 0.727100 0.543101 -0.419960 0.171791 0.346729
Torso-Bk.bmp
2 0.365137 3.772083 27.138556 -0.475600 0.647692 0.595230 0.504793 0.183867
5 -4.709153 2.880481 27.126040 0.845882 0.245505 0.473508 0.313976 0.183867
5 -4.258430 2.982630 31.014021 -0.144410 0.965983 0.214530 0.335179 0.296344
Torso-Bk.bmp
2 0.365137 3.772083 27.138556 -0.475600 0.647692 0.595230 0.504793 0.183867
5 -4.258430 2.982630 31.014021 -0.144410 0.965983 0.214530 0.335179 0.296344
5 -4.709153 2.880481 27.126040 0.845882 0.245505 0.473508 0.313976 0.183867
Torso-Bk.bmp
2 0.365137 3.772083 27.138556 -0.475600 0.647692 0.595230 0.504793 0.183867
1 0.109479 2.860425 37.650349 -0.005382 0.997936 -0.063991 0.515395 0.478037
5 -4.258430 2.982630 31.014021 -0.144410 0.965983 0.214530 0.335179 0.296344
Torso-Bk.bmp
2 0.365137 3.772083 27.138556 -0.475600 0.647692 0.595230 0.504793 0.183867
2 4.842158 3.085382 31.138054 0.645175 0.750248 0.144487 0.685010 0.296344
1 0.109479 2.860425 37.650349 -0.005382 0.997936 -0.063991 0.515395 0.478037
Torso-Bk.bmp
2 0.365137 3.772083 27.138556 -0.475600 0.647692 0.595230 0.504793 0.183867
2 5.127139 2.817214 27.278397 -0.000234 0.923680 -0.383164 0.695611 0.183867
2 4.842158 3.085382 31.138054 0.645175 0.750248 0.144487 0.685010 0.296344
Torso-Bk.bmp
2 0.365137 3.772083 27.138556 -0.475600 0.647692 0.595230 0.504793 0.183867
2 4.842158 3.085382 31.138054 0.645175 0.750248 0.144487 0.685010 0.296344
2 5.127139 2.817214 27.278397 -0.000234 0.923680 -0.383164 0.695611 0.183867
Torso-Bk.bmp
2 0.365137 3.772083 27.138556 -0.475600 0.647692 0.595230 0.504793 0.183867
1 0.109479 2.860425 37.650349 -0.005382 0.997936 -0.063991 0.515395 0.478037
2 4.842158 3.085382 31.138054 0.645175 0.750248 0.144487 0.685010 0.296344
Torso-Bk.bmp
2 0.365137 3.772083 27.138556 -0.475600 0.647692 0.595230 0.504793 0.183867
5 -4.258430 2.982630 31.014021 -0.144410 0.965983 0.214530 0.335179 0.296344
1 0.109479 2.860425 37.650349 -0.005382 0.997936 -0.063991 0.515395 0.478037
Torso-Bk.bmp
1 -3.440438 2.370075 36.892761 -0.820603 0.571154 0.019857 0.377582 0.460732
5 -5.653697 -3.867438 32.022583 -0.940435 0.289971 0.177477 0.282173 0.313646
1 -5.070451 -3.104301 37.090069 -0.891962 -0.433404 0.128706 0.313976 0.452080
Torso-Bk.bmp
1 -3.440438 2.370075 36.892761 -0.820603 0.571154 0.019857 0.377582 0.460732
5 -4.258430 2.982630 31.014021 -0.144410 0.965983 0.214530 0.335179 0.296344
5 -5.653697 -3.867438 32.022583 -0.940435 0.289971 0.177477 0.282173 0.313646
Torso-Bk.bmp
1 -3.440438 2.370075 36.892761 -0.820603 0.571154 0.019857 0.377582 0.460732
1 0.109479 2.860425 37.650349 -0.005382 0.997936 -0.063991 0.515395 0.478037
5 -4.258430 2.982630 31.014021 -0.144410 0.965983 0.214530 0.335179 0.296344
Torso-Bk.bmp
1 -3.440438 2.370075 36.892761 -0.820603 0.571154 0.019857 0.377582 0.460732
10 -4.750843 4.969355 47.999123 0.084822 0.979890 -0.180610 0.324577 0.780860
1 0.109479 2.860425 37.650349 -0.005382 0.997936 -0.063991 0.515395 0.478037
Torso-Bk.bmp
1 -3.440438 2.370075 36.892761 -0.820603 0.571154 0.019857 0.377582 0.460732
9 -5.259605 -2.187006 45.068546 -0.463651 -0.865461 -0.189751 0.303376 0.685686
10 -4.750843 4.969355 47.999123 0.084822 0.979890 -0.180610 0.324577 0.780860
Torso-Bk.bmp
1 -3.440438 2.370075 36.892761 -0.820603 0.571154 0.019857 0.377582 0.460732
1 -5.070451 -3.104301 37.090069 -0.891962 -0.433404 0.128706 0.313976 0.452080
9 -5.259605 -2.187006 45.068546 -0.463651 -0.865461 -0.189751 0.303376 0.685686
Torso-Bk.bmp
2 6.012230 3.209276 21.644712 -0.008851 -0.085798 0.996273 0.727414 0.000000
2 5.127139 2.817214 27.278397 -0.000234 0.923680 -0.383164 0.695611 0.183867
2 0.365137 3.772083 27.138556 -0.475600 0.647692 0.595230 0.504793 0.183867
Torso-Bk.bmp
2 6.012230 3.209276 21.644712 -0.008851 -0.085798 0.996273 0.727414 0.000000
2 7.351882 -5.748011 21.726208 -0.321023 -0.928355 0.187354 0.791020 0.000000
2 5.127139 2.817214 27.278397 -0.000234 0.923680 -0.383164 0.695611 0.183867
Torso-Bk.bmp
2 6.012230 3.209276 21.644712 -0.008851 -0.085798 0.996273 0.727414 0.000000
2 5.127139 2.817214 27.278397 -0.000234 0.923680 -0.383164 0.695611 0.183867
2 7.351882 -5.748011 21.726208 -0.321023 -0.928355 0.187354 0.791020 0.000000
Torso-Bk.bmp
2 6.012230 3.209276 21.644712 -0.008851 -0.085798 0.996273 0.727414 0.000000
2 0.365137 3.772083 27.138556 -0.475600 0.647692 0.595230 0.504793 0.183867
2 5.127139 2.817214 27.278397 -0.000234 0.923680 -0.383164 0.695611 0.183867
Torso-Bk.bmp
2 6.012230 3.209276 21.644712 -0.008851 -0.085798 0.996273 0.727414 0.000000
5 -0.347227 3.424699 20.976219 0.092154 0.077787 0.992702 0.504793 0.000000
2 0.365137 3.772083 27.138556 -0.475600 0.647692 0.595230 0.504793 0.183867
Torso-Bk.bmp
2 6.012230 3.209276 21.644712 -0.008851 -0.085798 0.996273 0.727414 0.000000
2 0.365137 3.772083 27.138556 -0.475600 0.647692 0.595230 0.504793 0.183867
5 -0.347227 3.424699 20.976219 0.092154 0.077787 0.992702 0.504793 0.000000
Torso-Bk.bmp
10 2.199895 0.924478 54.980324 0.331773 -0.460013 0.823599 0.589602 0.971205
12 6.567344 4.098995 53.256268 0.521998 -0.032027 0.852345 0.775261 0.935231
10 0.219405 3.741322 55.393902 0.005920 0.463995 0.885818 0.515395 0.988510
Torso-Bk.bmp
10 0.219405 3.741322 55.393902 0.005920 0.463995 0.885818 0.515395 0.988510
12 6.567344 4.098995 53.256268 0.521998 -0.032027 0.852345 0.775261 0.935231
12 5.864068 5.744953 53.416340 0.171652 0.865974 0.469707 0.745984 0.943986
Torso-Bk.bmp
12 6.567344 4.098995 53.256268 0.521998 -0.032027 0.852345 0.775261 0.935231
13 8.313121 4.070626 52.442974 0.886499 -0.057993 0.459083 0.833818 0.900214
12 5.864068 5.744953 53.416340 0.171652 0.865974 0.469707 0.745984 0.943986
Torso-Bk.bmp
12 5.864068 5.744953 53.416340 0.171652 0.865974 0.469707 0.745984 0.943986
13 8.313121 4.070626 52.442974 0.886499 -0.057993 0.459083 0.833818 0.900214
12 6.656409 6.095649 51.041195 0.253251 0.966338 0.045325 0.789901 0.882705
Torso-Bk.bmp
13 8.313121 4.070626 52.442974 0.886499 -0.057993 0.459083 0.833818 0.900214
13 10.312795 4.488750 44.121960 0.974511 0.069345 0.213351 0.925100 0.671431
12 6.656409 6.095649 51.041195 0.253251 0.966338 0.045325 0.789901 0.882705
Torso-Bk.bmp
12 6.656409 6.095649 51.041195 0.253251 0.966338 0.045325 0.789901 0.882705
13 10.312795 4.488750 44.121960 0.974511 0.069345 0.213351 0.925100 0.671431
13 9.236961 6.965097 42.974228 0.432665 0.897380 0.086655 0.870504 0.642983
Torso-Bk.bmp
5 -5.125841 3.477966 21.733252 -0.999889 -0.013227 -0.006907 0.303376 0.000000
2 0.365137 3.772083 27.138556 -0.475600 0.647692 0.595230 0.504793 0.183867
5 -0.347227 3.424699 20.976219 0.092154 0.077787 0.992702 0.504793 0.000000
Torso-Bk.bmp
5 -0.347227 3.424699 20.976219 0.092154 0.077787 0.992702 0.504793 0.000000
2 0.365137 3.772083 27.138556 -0.475600 0.647692 0.595230 0.504793 0.183867
5 -5.125841 3.477966 21.733252 -0.999889 -0.013227 -0.006907 0.303376 0.000000
Torso-Bk.bmp
2 0.365137 3.772083 27.138556 -0.475600 0.647692 0.595230 0.504793 0.183867
5 -4.709153 2.880481 27.126040 0.845882 0.245505 0.473508 0.313976 0.183867
5 -5.125841 3.477966 21.733252 -0.999889 -0.013227 -0.006907 0.303376 0.000000
Torso-Bk.bmp
5 -5.125841 3.477966 21.733252 -0.999889 -0.013227 -0.006907 0.303376 0.000000
5 -4.709153 2.880481 27.126040 0.845882 0.245505 0.473508 0.313976 0.183867
2 0.365137 3.772083 27.138556 -0.475600 0.647692 0.595230 0.504793 0.183867
Torso-Bk.bmp
2 6.187406 -4.473515 32.214069 0.287186 -0.948222 0.135644 0.738015 0.313646
2 4.842158 3.085382 31.138054 0.645175 0.750248 0.144487 0.685010 0.296344
2 6.694220 -5.323397 27.667364 0.977057 0.072704 0.200182 0.759217 0.175214
Torso-Bk.bmp
2 6.694220 -5.323397 27.667364 0.977057 0.072704 0.200182 0.759217 0.175214
2 4.842158 3.085382 31.138054 0.645175 0.750248 0.144487 0.685010 0.296344
2 6.187406 -4.473515 32.214069 0.287186 -0.948222 0.135644 0.738015 0.313646
Torso-Bk.bmp
2 4.842158 3.085382 31.138054 0.645175 0.750248 0.144487 0.685010 0.296344
1 5.824193 -2.787784 36.930454 0.892305 -0.424219 0.154372 0.727414 0.452080
2 6.187406 -4.473515 32.214069 0.287186 -0.948222 0.135644 0.738015 0.313646
Torso-Bk.bmp
2 6.187406 -4.473515 32.214069 0.287186 -0.948222 0.135644 0.738015 0.313646
1 5.824193 -2.787784 36.930454 0.892305 -0.424219 0.154372 0.727414 0.452080
2 4.842158 3.085382 31.138054 0.645175 0.750248 0.144487 0.685010 0.296344
Torso-Bk.bmp
14 11.252159 -1.551692 34.542553 0.998019 0.049104 0.039336 1.003040 0.374212
14 10.285805 -0.399171 32.691269 0.700976 0.584480 -0.408677 0.960635 0.339603
14 10.711896 3.665868 41.624195 0.994850 0.032504 0.096009 0.950433 0.628255
Torso-Bk.bmp
14 10.711896 3.665868 41.624195 0.994850 0.032504 0.096009 0.950433 0.628255
14 10.285805 -0.399171 32.691269 0.700976 0.584480 -0.408677 0.960635 0.339603
14 9.723171 4.689641 38.920547 0.375213 0.752139 -0.541758 0.895838 0.573903
Torso-Bk.bmp
14 10.285805 -0.399171 32.691269 0.700976 0.584480 -0.408677 0.960635 0.339603
14 6.914512 -0.484851 32.581512 -0.764964 0.475199 -0.434759 0.833424 0.322299
14 9.723171 4.689641 38.920547 0.375213 0.752139 -0.541758 0.895838 0.573903
Torso-Bk.bmp
14 9.723171 4.689641 38.920547 0.375213 0.752139 -0.541758 0.895838 0.573903
14 6.914512 -0.484851 32.581512 -0.764964 0.475199 -0.434759 0.833424 0.322299
14 6.314864 3.391639 38.980804 -0.781883 0.408456 -0.470980 0.780066 0.546814
Torso-Bk.bmp
17 -10.426880 3.243600 44.467102 -0.971649 -0.104002 0.212323 0.062137 0.694593
16 -7.508123 5.019740 51.316231 -0.457621 0.886051 0.074142 0.219867 0.881382
17 -9.333346 5.829579 43.315842 -0.464113 0.881342 0.088515 0.152243 0.646200
Torso-Bk.bmp
17 -9.333346 5.829579 43.315842 -0.464113 0.881342 0.088515 0.152243 0.646200
16 -7.508123 5.019740 51.316231 -0.457621 0.886051 0.074142 0.219867 0.881382
17 -6.454740 5.429024 41.705105 0.562075 0.771414 -0.298316 0.265692 0.593235
Torso-Bk.bmp
16 -7.508123 5.019740 51.316231 -0.457621 0.886051 0.074142 0.219867 0.881382
10 -4.750843 4.969355 47.999123 0.084822 0.979890 -0.180610 0.324577 0.780860
17 -6.454740 5.429024 41.705105 0.562075 0.771414 -0.298316 0.265692 0.593235
Torso-Bk.bmp
2 5.127139 2.817214 27.278397 -0.000234 0.923680 -0.383164 0.695611 0.183867
2 4.842158 3.085382 31.138054 0.645175 0.750248 0.144487 0.685010 0.296344
2 6.694220 -5.323397 27.667364 0.977057 0.072704 0.200182 0.759217 0.175214
Torso-Bk.bmp
2 6.694220 -5.323397 27.667364 0.977057 0.072704 0.200182 0.759217 0.175214
2 4.842158 3.085382 31.138054 0.645175 0.750248 0.144487 0.685010 0.296344
2 5.127139 2.817214 27.278397 -0.000234 0.923680 -0.383164 0.695611 0.183867
Torso-Bk.bmp
1 5.824193 -2.787784 36.930454 0.892305 -0.424219 0.154372 0.727414 0.452080
2 4.842158 3.085382 31.138054 0.645175 0.750248 0.144487 0.685010 0.296344
1 4.329554 2.412451 36.931683 0.768698 0.639111 -0.025313 0.674410 0.460732
Torso-Bk.bmp
1 4.329554 2.412451 36.931683 0.768698 0.639111 -0.025313 0.674410 0.460732
2 4.842158 3.085382 31.138054 0.645175 0.750248 0.144487 0.685010 0.296344
1 0.109479 2.860425 37.650349 -0.005382 0.997936 -0.063991 0.515395 0.478037
Torso-Bk.bmp
5 -5.125841 3.477966 21.733252 -0.999889 -0.013227 -0.006907 0.303376 0.000000
5 -7.667117 -4.888958 21.409466 -0.000084 -0.996072 0.088543 0.239770 0.000000
5 -4.709153 2.880481 27.126040 0.845882 0.245505 0.473508 0.313976 0.183867
Torso-Bk.bmp
5 -4.709153 2.880481 27.126040 0.845882 0.245505 0.473508 0.313976 0.183867
5 -7.667117 -4.888958 21.409466 -0.000084 -0.996072 0.088543 0.239770 0.000000
5 -5.125841 3.477966 21.733252 -0.999889 -0.013227 -0.006907 0.303376 0.000000
Torso-Bk.bmp
5 -7.667117 -4.888958 21.409466 -0.000084 -0.996072 0.088543 0.239770 0.000000
5 -4.709153 2.880481 27.126040 0.845882 0.245505 0.473508 0.313976 0.183867
5 -6.509074 -4.217189 27.202190 0.973634 -0.225510 0.034389 0.260972 0.183867
Torso-Bk.bmp
5 -6.509074 -4.217189 27.202190 0.973634 -0.225510 0.034389 0.260972 0.183867
5 -4.709153 2.880481 27.126040 0.845882 0.245505 0.473508 0.313976 0.183867
5 -7.667117 -4.888958 21.409466 -0.000084 -0.996072 0.088543 0.239770 0.000000
Torso-Bk.bmp
5 -4.709153 2.880481 27.126040 0.845882 0.245505 0.473508 0.313976 0.183867
5 -6.509074 -4.217189 27.202190 0.973634 -0.225510 0.034389 0.260972 0.183867
5 -4.258430 2.982630 31.014021 -0.144410 0.965983 0.214530 0.335179 0.296344
Torso-Bk.bmp
5 -4.258430 2.982630 31.014021 -0.144410 0.965983 0.214530 0.335179 0.296344
5 -6.509074 -4.217189 27.202190 0.973634 -0.225510 0.034389 0.260972 0.183867
5 -4.709153 2.880481 27.126040 0.845882 0.245505 0.473508 0.313976 0.183867
Torso-Bk.bmp
5 -6.509074 -4.217189 27.202190 0.973634 -0.225510 0.034389 0.260972 0.183867
5 -4.258430 2.982630 31.014021 -0.144410 0.965983 0.214530 0.335179 0.296344
5 -5.653697 -3.867438 32.022583 -0.940435 0.289971 0.177477 0.282173 0.313646
Torso-Bk.bmp
5 -5.653697 -3.867438 32.022583 -0.940435 0.289971 0.177477 0.282173 0.313646
5 -4.258430 2.982630 31.014021 -0.144410 0.965983 0.214530 0.335179 0.296344
5 -6.509074 -4.217189 27.202190 0.973634 -0.225510 0.034389 0.260972 0.183867
Torso-Bk.bmp
2 6.694220 -5.323397 27.667364 0.977057 0.072704 0.200182 0.759217 0.175214
2 7.351882 -5.748011 21.726208 -0.321023 -0.928355 0.187354 0.791020 0.000000
2 5.127139 2.817214 27.278397 -0.000234 0.923680 -0.383164 0.695611 0.183867
Torso-Bk.bmp
2 5.127139 2.817214 27.278397 -0.000234 0.923680 -0.383164 0.695611 0.183867
2 7.351882 -5.748011 21.726208 -0.321023 -0.928355 0.187354 0.791020 0.000000
2 6.694220 -5.323397 27.667364 0.977057 0.072704 0.200182 0.759217 0.175214
Torso-Bk.bmp
10 0.219405 3.741322 55.393902 0.005920 0.463995 0.885818 0.515395 0.988510
16 -7.146547 3.072929 53.588188 -0.495112 -0.126133 0.859625 0.233902 0.944001
10 -1.760107 0.939583 54.938503 -0.330619 -0.465096 0.821205 0.441188 0.971205
Torso-Bk.bmp
13 6.161833 6.348189 41.428261 -0.542002 0.824829 -0.160905 0.754732 0.589989
14 9.723171 4.689641 38.920547 0.375213 0.752139 -0.541758 0.895838 0.573903
14 6.314864 3.391639 38.980804 -0.781883 0.408456 -0.470980 0.780066 0.546814
Torso-Bk.bmp
5 -5.653697 -3.867438 32.022583 -0.940435 0.289971 0.177477 0.282173 0.313646
5 -6.509074 -4.217189 27.202190 0.973634 -0.225510 0.034389 0.260972 0.183867
5 -4.258430 2.982630 31.014021 -0.144410 0.965983 0.214530 0.335179 0.296344
Pnts-fnt.bmp
4 0.492657 -5.411457 2.878843 -0.803396 -0.590016 -0.080224 0.612732 0.009183
4 3.372958 -6.239264 3.064048 0.052458 -0.998360 -0.022910 0.833823 0.014616
3 0.173479 -5.215960 17.758335 -0.613986 -0.783553 0.095219 0.521232 0.409697
Pnts-fnt.bmp
3 0.173479 -5.215960 17.758335 -0.613986 -0.783553 0.095219 0.521232 0.409697
4 3.372958 -6.239264 3.064048 0.052458 -0.998360 -0.022910 0.833823 0.014616
3 3.002668 -5.219395 17.499146 0.014566 -0.997456 0.069783 0.764731 0.411247
Pnts-fnt.bmp
4 3.372958 -6.239264 3.064048 0.052458 -0.998360 -0.022910 0.833823 0.014616
3 5.372773 -5.197437 17.503391 0.689393 -0.720033 0.079302 0.930549 0.416681
3 3.002668 -5.219395 17.499146 0.014566 -0.997456 0.069783 0.764731 0.411247
Pnts-fnt.bmp
3 3.002668 -5.219395 17.499146 0.014566 -0.997456 0.069783 0.764731 0.411247
3 5.372773 -5.197437 17.503391 0.689393 -0.720033 0.079302 0.930549 0.416681
2 5.512456 -4.487249 19.840654 0.810428 -0.584991 0.031502 0.944368 0.481880
Pnts-fnt.bmp
3 5.372773 -5.197437 17.503391 0.689393 -0.720033 0.079302 0.930549 0.416681
2 4.426311 1.069405 18.771839 0.817130 0.575429 -0.034363 0.861459 0.471013
2 5.512456 -4.487249 19.840654 0.810428 -0.584991 0.031502 0.944368 0.481880
Pnts-fnt.bmp
2 5.512456 -4.487249 19.840654 0.810428 -0.584991 0.031502 0.944368 0.481880
2 4.426311 1.069405 18.771839 0.817130 0.575429 -0.034363 0.861459 0.471013
2 4.323201 0.992166 23.846581 0.624985 0.776726 -0.078036 0.865828 0.764465
Pnts-fnt.bmp
2 4.426311 1.069405 18.771839 0.817130 0.575429 -0.034363 0.861459 0.471013
2 0.335987 0.722842 19.020105 -0.641016 0.765605 -0.054281 0.530179 0.472264
2 4.323201 0.992166 23.846581 0.624985 0.776726 -0.078036 0.865828 0.764465
Pnts-fnt.bmp
2 4.323201 0.992166 23.846581 0.624985 0.776726 -0.078036 0.865828 0.764465
2 0.335987 0.722842 19.020105 -0.641016 0.765605 -0.054281 0.530179 0.472264
1 0.019493 1.268737 24.038509 -0.015282 0.999256 -0.035417 0.490180 0.775334
Pnts-fnt.bmp
2 0.335987 0.722842 19.020105 -0.641016 0.765605 -0.054281 0.530179 0.472264
1 0.220500 -4.706105 29.673897 -0.009620 -0.993732 -0.111378 0.490180 0.775334
1 0.019493 1.268737 24.038509 -0.015282 0.999256 -0.035417 0.490180 0.775334
Pnts-fnt.bmp
1 0.019493 1.268737 24.038509 -0.015282 0.999256 -0.035417 0.490180 0.775334
1 0.220500 -4.706105 29.673897 -0.009620 -0.993732 -0.111378 0.490180 0.775334
5 0.259214 1.724712 19.086033 0.800891 0.598806 0.002213 0.458606 0.472264
Pnts-fnt.bmp
1 0.220500 -4.706105 29.673897 -0.009620 -0.993732 -0.111378 0.490180 0.775334
5 0.285733 -3.481438 19.865969 0.665065 -0.744550 -0.057734 0.458606 0.491034
5 0.259214 1.724712 19.086033 0.800891 0.598806 0.002213 0.458606 0.472264
Pnts-fnt.bmp
5 0.259214 1.724712 19.086033 0.800891 0.598806 0.002213 0.458606 0.472264
5 0.285733 -3.481438 19.865969 0.665065 -0.744550 -0.057734 0.458606 0.491034
6 0.288958 -3.148844 17.725624 0.704362 -0.703605 -0.093882 0.458606 0.428466
Pnts-fnt.bmp
5 0.285733 -3.481438 19.865969 0.665065 -0.744550 -0.057734 0.458606 0.491034
6 -2.755528 -3.985653 17.038855 -0.025080 -0.974696 -0.222122 0.212007 0.416681
6 0.288958 -3.148844 17.725624 0.704362 -0.703605 -0.093882 0.458606 0.428466
Pnts-fnt.bmp
6 0.288958 -3.148844 17.725624 0.704362 -0.703605 -0.093882 0.458606 0.428466
6 -2.755528 -3.985653 17.038855 -0.025080 -0.974696 -0.222122 0.212007 0.416681
7 -3.105473 -2.811363 3.156337 -0.075590 -0.996666 -0.030710 0.156734 0.014616
Pnts-fnt.bmp
6 -2.755528 -3.985653 17.038855 -0.025080 -0.974696 -0.222122 0.212007 0.416681
6 -5.087600 -3.173046 17.474752 -0.778563 -0.615916 -0.120358 0.046189 0.432980
7 -3.105473 -2.811363 3.156337 -0.075590 -0.996666 -0.030710 0.156734 0.014616
Pnts-fnt.bmp
7 -3.105473 -2.811363 3.156337 -0.075590 -0.996666 -0.030710 0.156734 0.014616
6 -5.087600 -3.173046 17.474752 -0.778563 -0.615916 -0.120358 0.046189 0.432980
7 -5.375630 -1.630741 3.138414 -0.969811 -0.241220 0.035758 0.018552 0.014616
Pnts-fnt.bmp
6 -5.087600 -3.173046 17.474752 -0.778563 -0.615916 -0.120358 0.046189 0.432980
5 -4.424864 2.351068 19.076830 -0.822788 0.568348 -0.000689 0.101461 0.476447
7 -5.375630 -1.630741 3.138414 -0.969811 -0.241220 0.035758 0.018552 0.014616
Pnts-fnt.bmp
7 -5.375630 -1.630741 3.138414 -0.969811 -0.241220 0.035758 0.018552 0.014616
5 -4.424864 2.351068 19.076830 -0.822788 0.568348 -0.000689 0.101461 0.476447
7 -4.226484 5.359049 2.895930 -0.296042 0.946422 0.129017 0.073825 0.009183
Pnts-fnt.bmp
5 -4.424864 2.351068 19.076830 -0.822788 0.568348 -0.000689 0.101461 0.476447
5 0.259214 1.724712 19.086033 0.800891 0.598806 0.002213 0.458606 0.472264
7 -4.226484 5.359049 2.895930 -0.296042 0.946422 0.129017 0.073825 0.009183
Pnts-fnt.bmp
7 -4.226484 5.359049 2.895930 -0.296042 0.946422 0.129017 0.073825 0.009183
5 0.259214 1.724712 19.086033 0.800891 0.598806 0.002213 0.458606 0.472264
7 -0.146429 4.626812 2.987471 0.756240 0.653281 0.036393 0.377823 0.009183
Pnts-fnt.bmp
5 0.259214 1.724712 19.086033 0.800891 0.598806 0.002213 0.458606 0.472264
7 0.094486 -1.976450 3.011492 0.922006 -0.382211 -0.061805 0.391642 0.009183
7 -0.146429 4.626812 2.987471 0.756240 0.653281 0.036393 0.377823 0.009183
Pnts-fnt.bmp
2 4.323201 0.992166 23.846581 0.624985 0.776726 -0.078036 0.865828 0.764465
2 5.455274 -2.986942 31.772367 0.915433 -0.401792 -0.023337 0.942883 0.846410
2 5.512456 -4.487249 19.840654 0.810428 -0.584991 0.031502 0.944368 0.481880
Pnts-fnt.bmp
2 5.512456 -4.487249 19.840654 0.810428 -0.584991 0.031502 0.944368 0.481880
2 5.455274 -2.986942 31.772367 0.915433 -0.401792 -0.023337 0.942883 0.846410
2 3.062698 -4.227121 32.180325 0.070564 -0.995951 0.055698 0.754029 0.846410
Pnts-fnt.bmp
2 5.455274 -2.986942 31.772367 0.915433 -0.401792 -0.023337 0.942883 0.846410
1 3.420744 -4.434435 35.598076 0.206673 -0.972780 -0.104812 0.750568 0.958754
2 3.062698 -4.227121 32.180325 0.070564 -0.995951 0.055698 0.754029 0.846410
Pnts-fnt.bmp
2 3.062698 -4.227121 32.180325 0.070564 -0.995951 0.055698 0.754029 0.846410
1 3.420744 -4.434435 35.598076 0.206673 -0.972780 -0.104812 0.750568 0.958754
1 0.220500 -4.706105 29.673897 -0.009620 -0.993732 -0.111378 0.490180 0.775334
Pnts-fnt.bmp
1 3.420744 -4.434435 35.598076 0.206673 -0.972780 -0.104812 0.750568 0.958754
1 -2.849257 -4.422691 35.707809 -0.198822 -0.974935 -0.099856 0.221215 0.958754
1 0.220500 -4.706105 29.673897 -0.009620 -0.993732 -0.111378 0.490180 0.775334
Pnts-fnt.bmp
1 0.220500 -4.706105 29.673897 -0.009620 -0.993732 -0.111378 0.490180 0.775334
1 -2.849257 -4.422691 35.707809 -0.198822 -0.974935 -0.099856 0.221215 0.958754
5 -2.721395 -4.047029 32.054420 -0.068421 -0.997643 -0.005286 0.236310 0.846410
Pnts-fnt.bmp
1 -2.849257 -4.422691 35.707809 -0.198822 -0.974935 -0.099856 0.221215 0.958754
5 -5.171600 -2.813614 31.621086 -0.910865 -0.412689 0.003537 0.041629 0.845181
5 -2.721395 -4.047029 32.054420 -0.068421 -0.997643 -0.005286 0.236310 0.846410
Pnts-fnt.bmp
5 -2.721395 -4.047029 32.054420 -0.068421 -0.997643 -0.005286 0.236310 0.846410
5 -5.171600 -2.813614 31.621086 -0.910865 -0.412689 0.003537 0.041629 0.845181
5 -5.351493 -3.536951 19.664255 -0.822735 -0.564217 -0.069038 0.032370 0.487314
Pnts-fnt.bmp
5 -5.171600 -2.813614 31.621086 -0.910865 -0.412689 0.003537 0.041629 0.845181
5 -4.104277 1.319516 24.043819 -0.621800 0.783156 0.005562 0.110407 0.764465
5 -5.351493 -3.536951 19.664255 -0.822735 -0.564217 -0.069038 0.032370 0.487314
Pnts-fnt.bmp
5 -5.351493 -3.536951 19.664255 -0.822735 -0.564217 -0.069038 0.032370 0.487314
5 -4.104277 1.319516 24.043819 -0.621800 0.783156 0.005562 0.110407 0.764465
5 -4.424864 2.351068 19.076830 -0.822788 0.568348 -0.000689 0.101461 0.476447
Pnts-fnt.bmp
5 -4.104277 1.319516 24.043819 -0.621800 0.783156 0.005562 0.110407 0.764465
5 0.259214 1.724712 19.086033 0.800891 0.598806 0.002213 0.458606 0.472264
5 -4.424864 2.351068 19.076830 -0.822788 0.568348 -0.000689 0.101461 0.476447
Pnts-fnt.bmp
4 3.372958 -6.239264 3.064048 0.052458 -0.998360 -0.022910 0.833823 0.014616
4 5.732647 -5.039188 3.002553 0.971905 -0.231491 0.042574 1.013458 0.014616
3 5.372773 -5.197437 17.503391 0.689393 -0.720033 0.079302 0.930549 0.416681
Pnts-fnt.bmp
3 5.372773 -5.197437 17.503391 0.689393 -0.720033 0.079302 0.930549 0.416681
4 5.732647 -5.039188 3.002553 0.971905 -0.231491 0.042574 1.013458 0.014616
2 4.426311 1.069405 18.771839 0.817130 0.575429 -0.034363 0.861459 0.471013
Pnts-fnt.bmp
4 5.732647 -5.039188 3.002553 0.971905 -0.231491 0.042574 1.013458 0.014616
4 4.560761 1.926610 2.504829 0.310323 0.943991 0.112161 0.916731 0.009183
2 4.426311 1.069405 18.771839 0.817130 0.575429 -0.034363 0.861459 0.471013
Pnts-fnt.bmp
2 4.426311 1.069405 18.771839 0.817130 0.575429 -0.034363 0.861459 0.471013
4 4.560761 1.926610 2.504829 0.310323 0.943991 0.112161 0.916731 0.009183
2 0.335987 0.722842 19.020105 -0.641016 0.765605 -0.054281 0.530179 0.472264
Pnts-fnt.bmp
4 4.560761 1.926610 2.504829 0.310323 0.943991 0.112161 0.916731 0.009183
4 0.691003 1.176679 2.623465 -0.949394 0.312158 -0.034758 0.626550 0.009183
2 0.335987 0.722842 19.020105 -0.641016 0.765605 -0.054281 0.530179 0.472264
Pnts-fnt.bmp
2 0.335987 0.722842 19.020105 -0.641016 0.765605 -0.054281 0.530179 0.472264
4 0.691003 1.176679 2.623465 -0.949394 0.312158 -0.034758 0.626550 0.009183
2 0.103506 -4.424870 20.124830 -0.741679 -0.668832 0.050758 0.521232 0.491034
Pnts-fnt.bmp
4 0.691003 1.176679 2.623465 -0.949394 0.312158 -0.034758 0.626550 0.009183
3 0.173479 -5.215960 17.758335 -0.613986 -0.783553 0.095219 0.521232 0.409697
2 0.103506 -4.424870 20.124830 -0.741679 -0.668832 0.050758 0.521232 0.491034
Pnts-fnt.bmp
2 0.103506 -4.424870 20.124830 -0.741679 -0.668832 0.050758 0.521232 0.491034
3 0.173479 -5.215960 17.758335 -0.613986 -0.783553 0.095219 0.521232 0.409697
3 3.002668 -5.219395 17.499146 0.014566 -0.997456 0.069783 0.764731 0.411247
Pnts-fnt.bmp
1 0.019493 1.268737 24.038509 -0.015282 0.999256 -0.035417 0.490180 0.775334
5 0.259214 1.724712 19.086033 0.800891 0.598806 0.002213 0.458606 0.472264
5 -4.104277 1.319516 24.043819 -0.621800 0.783156 0.005562 0.110407 0.764465
Pnts-fnt.bmp
2 0.335987 0.722842 19.020105 -0.641016 0.765605 -0.054281 0.530179 0.472264
2 0.103506 -4.424870 20.124830 -0.741679 -0.668832 0.050758 0.521232 0.491034
1 0.220500 -4.706105 29.673897 -0.009620 -0.993732 -0.111378 0.490180 0.775334
Pnts-fnt.bmp
1 0.220500 -4.706105 29.673897 -0.009620 -0.993732 -0.111378 0.490180 0.775334
2 0.103506 -4.424870 20.124830 -0.741679 -0.668832 0.050758 0.521232 0.491034
2 3.062698 -4.227121 32.180325 0.070564 -0.995951 0.055698 0.754029 0.846410
Pnts-fnt.bmp
2 0.103506 -4.424870 20.124830 -0.741679 -0.668832 0.050758 0.521232 0.491034
2 3.067545 -5.598005 19.392628 0.025628 -0.998704 -0.043978 0.764731 0.465581
2 3.062698 -4.227121 32.180325 0.070564 -0.995951 0.055698 0.754029 0.846410
Pnts-fnt.bmp
2 3.062698 -4.227121 32.180325 0.070564 -0.995951 0.055698 0.754029 0.846410
2 3.067545 -5.598005 19.392628 0.025628 -0.998704 -0.043978 0.764731 0.465581
2 5.512456 -4.487249 19.840654 0.810428 -0.584991 0.031502 0.944368 0.481880
Pnts-fnt.bmp
2 3.067545 -5.598005 19.392628 0.025628 -0.998704 -0.043978 0.764731 0.465581
3 3.002668 -5.219395 17.499146 0.014566 -0.997456 0.069783 0.764731 0.411247
2 5.512456 -4.487249 19.840654 0.810428 -0.584991 0.031502 0.944368 0.481880
Pnts-fnt.bmp
5 -2.721395 -4.047029 32.054420 -0.068421 -0.997643 -0.005286 0.236310 0.846410
5 -2.786397 -4.602919 19.133038 -0.018427 -0.994218 -0.105788 0.225824 0.465581
5 0.285733 -3.481438 19.865969 0.665065 -0.744550 -0.057734 0.458606 0.491034
Pnts-fnt.bmp
5 0.285733 -3.481438 19.865969 0.665065 -0.744550 -0.057734 0.458606 0.491034
5 -2.786397 -4.602919 19.133038 -0.018427 -0.994218 -0.105788 0.225824 0.465581
6 -2.755528 -3.985653 17.038855 -0.025080 -0.974696 -0.222122 0.212007 0.416681
Pnts-fnt.bmp
5 -2.786397 -4.602919 19.133038 -0.018427 -0.994218 -0.105788 0.225824 0.465581
5 -5.351493 -3.536951 19.664255 -0.822735 -0.564217 -0.069038 0.032370 0.487314
6 -2.755528 -3.985653 17.038855 -0.025080 -0.974696 -0.222122 0.212007 0.416681
Pnts-fnt.bmp
6 -2.755528 -3.985653 17.038855 -0.025080 -0.974696 -0.222122 0.212007 0.416681
5 -5.351493 -3.536951 19.664255 -0.822735 -0.564217 -0.069038 0.032370 0.487314
6 -5.087600 -3.173046 17.474752 -0.778563 -0.615916 -0.120358 0.046189 0.432980
Pnts-fnt.bmp
5 -5.351493 -3.536951 19.664255 -0.822735 -0.564217 -0.069038 0.032370 0.487314
5 -4.424864 2.351068 19.076830 -0.822788 0.568348 -0.000689 0.101461 0.476447
6 -5.087600 -3.173046 17.474752 -0.778563 -0.615916 -0.120358 0.046189 0.432980
Pnts-fnt.bmp
1 3.420744 -4.434435 35.598076 0.206673 -0.972780 -0.104812 0.750568 0.958754
2 5.455274 -2.986942 31.772367 0.915433 -0.401792 -0.023337 0.942883 0.846410
1 5.824193 -2.787785 36.930454 0.941697 -0.334488 -0.036403 0.952967 0.958754
Pnts-fnt.bmp
5 -5.171600 -2.813614 31.621086 -0.910865 -0.412689 0.003537 0.041629 0.845181
1 -2.849257 -4.422691 35.707809 -0.198822 -0.974935 -0.099856 0.221215 0.958754
1 -5.070451 -3.104301 37.090069 -0.935756 -0.352453 0.011717 0.034384 0.958754
Pnts-fnt.bmp
5 0.259214 1.724712 19.086033 0.800891 0.598806 0.002213 0.458606 0.472264
6 0.288958 -3.148844 17.725624 0.704362 -0.703605 -0.093882 0.458606 0.428466
7 0.094486 -1.976450 3.011492 0.922006 -0.382211 -0.061805 0.391642 0.009183
Pnts-fnt.bmp
7 0.094486 -1.976450 3.011492 0.922006 -0.382211 -0.061805 0.391642 0.009183
6 0.288958 -3.148844 17.725624 0.704362 -0.703605 -0.093882 0.458606 0.428466
7 -3.105473 -2.811363 3.156337 -0.075590 -0.996666 -0.030710 0.156734 0.014616
Pnts-fnt.bmp
3 3.002668 -5.219395 17.499146 0.014566 -0.997456 0.069783 0.764731 0.411247
2 3.067545 -5.598005 19.392628 0.025628 -0.998704 -0.043978 0.764731 0.465581
2 0.103506 -4.424870 20.124830 -0.741679 -0.668832 0.050758 0.521232 0.491034
Pnts-fnt.bmp
4 0.492657 -5.411457 2.878843 -0.803396 -0.590016 -0.080224 0.612732 0.009183
3 0.173479 -5.215960 17.758335 -0.613986 -0.783553 0.095219 0.521232 0.409697
4 0.691003 1.176679 2.623465 -0.949394 0.312158 -0.034758 0.626550 0.009183
Pnts-fnt.bmp
5 -2.721395 -4.047029 32.054420 -0.068421 -0.997643 -0.005286 0.236310 0.846410
5 0.285733 -3.481438 19.865969 0.665065 -0.744550 -0.057734 0.458606 0.491034
1 0.220500 -4.706105 29.673897 -0.009620 -0.993732 -0.111378 0.490180 0.775334
Pnts-fnt.bmp
5 -2.721395 -4.047029 32.054420 -0.068421 -0.997643 -0.005286 0.236310 0.846410
5 -5.351493 -3.536951 19.664255 -0.822735 -0.564217 -0.069038 0.032370 0.487314
5 -2.786397 -4.602919 19.133038 -0.018427 -0.994218 -0.105788 0.225824 0.465581
TorsoDead-Fnt.bmp
5 -5.653697 -3.867438 32.022583 -0.940435 0.289971 0.177477 0.271464 0.315662
5 -3.303662 -5.261908 31.686874 -0.264016 -0.959945 0.093816 0.361464 0.307328
5 -6.509074 -4.217189 27.202190 0.973634 -0.225510 0.034389 0.251464 0.190662
TorsoDead-Fnt.bmp
5 -6.509074 -4.217189 27.202190 0.973634 -0.225510 0.034389 0.251464 0.190662
5 -3.303662 -5.261908 31.686874 -0.264016 -0.959945 0.093816 0.361464 0.307328
5 -5.653697 -3.867438 32.022583 -0.940435 0.289971 0.177477 0.271464 0.315662
TorsoDead-Fnt.bmp
5 -3.303662 -5.261908 31.686874 -0.264016 -0.959945 0.093816 0.361464 0.307328
1 -5.070451 -3.104301 37.090069 -0.891962 -0.433404 0.128706 0.301464 0.465662
5 -5.653697 -3.867438 32.022583 -0.940435 0.289971 0.177477 0.271464 0.315662
TorsoDead-Fnt.bmp
5 -5.653697 -3.867438 32.022583 -0.940435 0.289971 0.177477 0.271464 0.315662
1 -5.070451 -3.104301 37.090069 -0.891962 -0.433404 0.128706 0.301464 0.465662
5 -3.303662 -5.261908 31.686874 -0.264016 -0.959945 0.093816 0.361464 0.307328
